21.12,0.00,0.00
20.51,1.79,0.00
20.98,3.70,0.00
20.65,5.53,0.00
19.00,6.92,0.00
18.56,8.65,0.00
18.23,10.53,0.00
17.10,11.97,0.00
16.08,13.49,0.00
14.61,14.61,0.00
13.72,16.36,0.00
12.22,17.46,0.00
10.51,18.21,0.00
9.07,19.44,0.00
7.25,19.91,0.00
5.35,19.95,0.00
3.67,20.83,0.00
1.80,20.54,0.00
0.00,21.35,0.00
-1.83,20.90,0.00
-3.63,20.61,0.00
-5.36,20.02,0.00
-7.35,20.19,0.00
-8.85,18.98,0.00
-10.41,18.04,0.00
-11.96,17.09,0.00
-13.64,16.25,0.00
-14.95,14.95,0.00
-16.21,13.60,0.00
-17.34,12.14,0.00
-18.93,10.93,0.00
-18.89,8.81,0.00
-19.54,7.11,0.00
-19.97,5.35,0.00
-20.92,3.69,0.00
-21.37,1.87,0.00
-20.95,0.00,0.00
-20.59,-1.80,0.00
-20.36,-3.59,0.00
-20.54,-5.50,0.00
-20.01,-7.28,0.00
-19.23,-8.97,0.00
-17.96,-10.37,0.00
-17.28,-12.10,0.00
-16.12,-13.53,0.00
-14.91,-14.91,0.00
-13.72,-16.35,0.00
-12.10,-17.28,0.00
-10.64,-18.42,0.00
-8.89,-19.06,0.00
-7.22,-19.84,0.00
-5.50,-20.53,0.00
-3.55,-20.11,0.00
-1.82,-20.79,0.00
-0.00,-20.81,0.00
1.81,-20.67,0.00
3.63,-20.57,0.00
5.59,-20.86,0.00
7.06,-19.41,0.00
9.04,-19.38,0.00
10.16,-17.60,0.00
11.97,-17.09,0.00
13.54,-16.14,0.00
15.02,-15.02,0.00
16.30,-13.68,0.00
17.46,-12.23,0.00
18.07,-10.43,0.00
18.86,-8.80,0.00
20.06,-7.30,0.00
20.21,-5.42,0.00
20.18,-3.56,0.00
20.47,-1.79,0.00
21.13,0.00,1.00
21.62,1.89,1.00
21.23,3.74,1.00
21.03,5.64,1.00
20.04,7.29,1.00
19.54,9.11,1.00
18.84,10.88,1.00
17.51,12.26,1.00
16.61,13.94,1.00
15.02,15.02,1.00
13.73,16.36,1.00
12.24,17.49,1.00
10.51,18.21,1.00
9.17,19.66,1.00
7.29,20.03,1.00
5.57,20.77,1.00
3.77,21.36,1.00
1.89,21.60,1.00
0.00,21.77,1.00
-1.87,21.38,1.00
-3.70,21.01,1.00
-5.56,20.74,1.00
-7.12,19.57,1.00
-8.84,18.96,1.00
-10.49,18.16,1.00
-12.10,17.29,1.00
-13.92,16.59,1.00
-14.95,14.95,1.00
-16.35,13.72,1.00
-18.04,12.63,1.00
-18.50,10.68,1.00
-19.75,9.21,1.00
-19.85,7.23,1.00
-20.69,5.54,1.00
-20.80,3.67,1.00
-21.28,1.86,1.00
-21.84,0.00,1.00
-20.73,-1.81,1.00
-21.34,-3.76,1.00
-20.86,-5.59,1.00
-19.98,-7.27,1.00
-18.96,-8.84,1.00
-18.64,-10.76,1.00
-17.44,-12.21,1.00
-16.54,-13.88,1.00
-15.21,-15.21,1.00
-14.23,-16.96,1.00
-12.28,-17.53,1.00
-10.55,-18.26,1.00
-9.12,-19.55,1.00
-7.38,-20.29,1.00
-5.71,-21.29,1.00
-3.79,-21.50,1.00
-1.89,-21.56,1.00
-0.00,-22.09,1.00
1.83,-20.94,1.00
3.69,-20.92,1.00
5.47,-20.41,1.00
7.30,-20.06,1.00
8.85,-18.99,1.00
10.88,-18.84,1.00
12.28,-17.54,1.00
13.44,-16.02,1.00
14.92,-14.92,1.00
16.57,-13.90,1.00
17.89,-12.52,1.00
19.31,-11.15,1.00
20.54,-9.58,1.00
20.36,-7.41,1.00
20.39,-5.46,1.00
20.33,-3.59,1.00
21.52,-1.88,1.00
21.67,0.00,2.00
21.75,1.90,2.00
21.42,3.78,2.00
21.20,5.68,2.00
21.07,7.67,2.00
20.00,9.32,2.00
19.00,10.97,2.00
17.68,12.38,2.00
16.34,13.71,2.00
15.42,15.42,2.00
14.13,16.84,2.00
13.02,18.60,2.00
11.03,19.10,2.00
9.46,20.30,2.00
7.46,20.49,2.00
5.57,20.79,2.00
3.75,21.29,2.00
1.89,21.63,2.00
0.00,22.85,2.00
-1.89,21.59,2.00
-3.88,22.00,2.00
-5.60,20.90,2.00
-7.65,21.02,2.00
-9.36,20.08,2.00
-10.97,19.00,2.00
-12.61,18.01,2.00
-13.97,16.65,2.00
-15.68,15.68,2.00
-16.71,14.02,2.00
-17.62,12.34,2.00
-18.61,10.74,2.00
-20.00,9.33,2.00
-21.27,7.74,2.00
-21.31,5.71,2.00
-21.62,3.81,2.00
-22.03,1.93,2.00
-22.52,0.00,2.00
-22.00,-1.93,2.00
-21.50,-3.79,2.00
-21.68,-5.81,2.00
-20.83,-7.58,2.00
-20.50,-9.56,2.00
-19.12,-11.04,2.00
-17.62,-12.34,2.00
-16.43,-13.79,2.00
-16.02,-16.02,2.00
-14.58,-17.38,2.00
-12.58,-17.96,2.00
-10.92,-18.92,2.00
-9.54,-20.47,2.00
-7.37,-20.26,2.00
-5.60,-20.90,2.00
-3.86,-21.92,2.00
-1.90,-21.76,2.00
-0.00,-22.00,2.00
1.91,-21.85,2.00
3.84,-21.80,2.00
5.84,-21.79,2.00
7.54,-20.71,2.00
9.41,-20.17,2.00
10.59,-18.34,2.00
12.61,-18.01,2.00
13.92,-16.59,2.00
15.21,-15.21,2.00
16.58,-13.92,2.00
17.91,-12.54,2.00
19.37,-11.18,2.00
19.46,-9.07,2.00
20.68,-7.53,2.00
21.06,-5.64,2.00
21.54,-3.80,2.00
22.32,-1.95,2.00
22.72,0.00,3.00
22.95,2.01,3.00
22.10,3.90,3.00
21.46,5.75,3.00
21.06,7.66,3.00
20.48,9.55,3.00
19.55,11.29,3.00
18.08,12.66,3.00
17.26,14.49,3.00
15.97,15.97,3.00
15.11,18.01,3.00
13.34,19.05,3.00
11.08,19.19,3.00
9.46,20.29,3.00
7.50,20.59,3.00
5.76,21.51,3.00
3.93,22.28,3.00
2.00,22.89,3.00
0.00,22.21,3.00
-1.94,22.15,3.00
-3.76,21.31,3.00
-5.81,21.67,3.00
-7.55,20.74,3.00
-9.42,20.20,3.00
-11.07,19.18,3.00
-12.88,18.40,3.00
-14.01,16.70,3.00
-15.49,15.49,3.00
-17.89,15.01,3.00
-18.01,12.61,3.00
-19.11,11.03,3.00
-21.06,9.82,3.00
-22.77,8.29,3.00
-22.33,5.98,3.00
-23.49,4.14,3.00
-24.31,2.13,3.00
-25.05,0.00,3.00
-23.78,-2.08,3.00
-23.54,-4.15,3.00
-23.09,-6.19,3.00
-21.84,-7.95,3.00
-20.26,-9.45,3.00
-19.44,-11.22,3.00
-17.98,-12.59,3.00
-17.16,-14.40,3.00
-15.83,-15.83,3.00
-14.52,-17.31,3.00
-12.78,-18.25,3.00
-11.34,-19.65,3.00
-9.68,-20.76,3.00
-7.72,-21.20,3.00
-5.86,-21.87,3.00
-3.91,-22.18,3.00
-1.96,-22.41,3.00
-0.00,-22.21,3.00
1.97,-22.54,3.00
3.90,-22.12,3.00
6.04,-22.54,3.00
7.91,-21.73,3.00
9.57,-20.53,3.00
11.10,-19.22,3.00
12.65,-18.07,3.00
14.77,-17.60,3.00
15.98,-15.98,3.00
17.38,-14.59,3.00
17.86,-12.51,3.00
19.81,-11.44,3.00
20.56,-9.59,3.00
20.73,-7.54,3.00
21.55,-5.77,3.00
22.26,-3.93,3.00
22.44,-1.96,3.00
22.88,0.00,4.00
22.87,2.00,4.00
22.55,3.98,4.00
22.28,5.97,4.00
22.17,8.07,4.00
19.91,9.29,4.00
19.84,11.45,4.00
18.90,13.23,4.00
17.71,14.86,4.00
16.16,16.16,4.00
14.33,17.08,4.00
13.27,18.95,4.00
11.85,20.52,4.00
9.46,20.29,4.00
7.98,21.94,4.00
5.92,22.09,4.00
3.99,22.63,4.00
1.97,22.49,4.00
0.00,22.87,4.00
-2.05,23.43,4.00
-4.03,22.88,4.00
-6.13,22.89,4.00
-8.03,22.06,4.00
-9.79,21.00,4.00
-11.85,20.52,4.00
-13.29,18.98,4.00
-15.00,17.87,4.00
-16.18,16.18,4.00
-17.64,14.80,4.00
-18.61,13.03,4.00
-20.26,11.70,4.00
-20.42,9.52,4.00
-22.93,8.35,4.00
-24.14,6.47,4.00
-25.92,4.57,4.00
-26.55,2.32,4.00
-27.25,0.00,4.00
-26.55,-2.32,4.00
-24.84,-4.38,4.00
-24.19,-6.48,4.00
-22.20,-8.08,4.00
-20.66,-9.63,4.00
-20.44,-11.80,4.00
-19.05,-13.34,4.00
-17.40,-14.60,4.00
-15.98,-15.98,4.00
-14.79,-17.63,4.00
-12.91,-18.44,4.00
-11.37,-19.69,4.00
-9.77,-20.96,4.00
-8.02,-22.05,4.00
-6.02,-22.45,4.00
-3.83,-21.75,4.00
-2.02,-23.03,4.00
-0.00,-23.03,4.00
2.02,-23.08,4.00
4.11,-23.29,4.00
5.74,-21.42,4.00
7.79,-21.39,4.00
9.82,-21.06,4.00
11.18,-19.37,4.00
13.53,-19.32,4.00
14.88,-17.73,4.00
16.50,-16.50,4.00
17.44,-14.64,4.00
19.11,-13.38,4.00
20.29,-11.71,4.00
20.93,-9.76,4.00
21.70,-7.90,4.00
22.32,-5.98,4.00
22.31,-3.93,4.00
22.85,-2.00,4.00
23.44,0.00,5.00
23.56,2.06,5.00
23.54,4.15,5.00
22.29,5.97,5.00
22.04,8.02,5.00
21.84,10.18,5.00
20.09,11.60,5.00
18.98,13.29,5.00
18.06,15.16,5.00
16.86,16.86,5.00
15.11,18.01,5.00
13.78,19.69,5.00
11.92,20.65,5.00
10.07,21.60,5.00
8.11,22.29,5.00
6.32,23.60,5.00
4.07,23.06,5.00
1.98,22.61,5.00
0.00,24.14,5.00
-2.03,23.23,5.00
-4.09,23.19,5.00
-6.22,23.21,5.00
-7.82,21.48,5.00
-9.72,20.84,5.00
-11.43,19.80,5.00
-13.30,18.99,5.00
-15.22,18.14,5.00
-16.77,16.77,5.00
-18.09,15.18,5.00
-18.79,13.15,5.00
-19.55,11.29,5.00
-21.32,9.94,5.00
-23.31,8.49,5.00
-25.63,6.87,5.00
-27.29,4.81,5.00
-28.06,2.46,5.00
-28.66,0.00,5.00
-28.10,-2.46,5.00
-27.22,-4.80,5.00
-25.18,-6.75,5.00
-23.42,-8.53,5.00
-21.37,-9.96,5.00
-20.64,-11.91,5.00
-19.12,-13.39,5.00
-18.16,-15.24,5.00
-16.54,-16.54,5.00
-15.08,-17.97,5.00
-13.67,-19.52,5.00
-11.35,-19.66,5.00
-9.71,-20.83,5.00
-7.83,-21.53,5.00
-5.84,-21.80,5.00
-4.03,-22.88,5.00
-2.07,-23.71,5.00
-0.00,-23.39,5.00
2.06,-23.49,5.00
4.16,-23.57,5.00
6.22,-23.21,5.00
8.03,-22.06,5.00
10.16,-21.79,5.00
11.77,-20.38,5.00
13.29,-18.98,5.00
14.95,-17.82,5.00
16.20,-16.20,5.00
17.73,-14.88,5.00
19.13,-13.40,5.00
20.63,-11.91,5.00
21.92,-10.22,5.00
21.56,-7.85,5.00
22.85,-6.12,5.00
22.73,-4.01,5.00
23.60,-2.06,5.00
23.95,0.00,6.00
23.18,2.03,6.00
24.00,4.23,6.00
22.95,6.15,6.00
22.35,8.14,6.00
21.36,9.96,6.00
20.56,11.87,6.00
19.80,13.86,6.00
18.33,15.38,6.00
17.06,17.06,6.00
15.52,18.50,6.00
14.07,20.09,6.00
11.93,20.67,6.00
9.89,21.22,6.00
8.35,22.95,6.00
6.18,23.05,6.00
4.24,24.07,6.00
2.11,24.06,6.00
0.00,23.95,6.00
-2.10,24.05,6.00
-4.30,24.40,6.00
-6.43,23.98,6.00
-8.22,22.58,6.00
-10.17,21.81,6.00
-12.22,21.16,6.00
-13.57,19.38,6.00
-15.51,18.49,6.00
-16.96,16.96,6.00
-18.48,15.51,6.00
-19.39,13.57,6.00
-20.23,11.68,6.00
-21.00,9.79,6.00
-23.79,8.66,6.00
-26.24,7.03,6.00
-28.07,4.95,6.00
-30.09,2.63,6.00
-30.15,0.00,6.00
-28.93,-2.53,6.00
-28.32,-4.99,6.00
-26.26,-7.04,6.00
-24.10,-8.77,6.00
-21.82,-10.17,6.00
-21.00,-12.12,6.00
-19.55,-13.69,6.00
-18.71,-15.70,6.00
-16.65,-16.65,6.00
-15.43,-18.39,6.00
-14.36,-20.51,6.00
-12.04,-20.86,6.00
-10.39,-22.27,6.00
-8.22,-22.59,6.00
-6.27,-23.41,6.00
-4.16,-23.61,6.00
-2.09,-23.84,6.00
-0.00,-23.69,6.00
2.11,-24.08,6.00
4.11,-23.30,6.00
6.28,-23.44,6.00
8.36,-22.96,6.00
10.20,-21.88,6.00
11.94,-20.69,6.00
13.87,-19.81,6.00
15.35,-18.29,6.00
17.24,-17.24,6.00
17.82,-14.96,6.00
19.55,-13.69,6.00
20.09,-11.60,6.00
21.21,-9.89,6.00
23.07,-8.40,6.00
23.53,-6.30,6.00
23.35,-4.12,6.00
23.31,-2.04,6.00
23.06,0.00,7.00
23.94,2.09,7.00
24.84,4.38,7.00
23.59,6.32,7.00
22.58,8.22,7.00
22.15,10.33,7.00
20.46,11.81,7.00
19.77,13.84,7.00
18.61,15.61,7.00
17.12,17.12,7.00
15.79,18.82,7.00
13.99,19.98,7.00
12.26,21.23,7.00
10.13,21.73,7.00
8.42,23.13,7.00
6.45,24.05,7.00
4.14,23.50,7.00
2.08,23.80,7.00
0.00,24.78,7.00
-2.11,24.08,7.00
-4.31,24.43,7.00
-6.23,23.25,7.00
-8.49,23.33,7.00
-10.27,22.03,7.00
-12.18,21.09,7.00
-14.27,20.38,7.00
-15.49,18.47,7.00
-16.88,16.88,7.00
-18.44,15.47,7.00
-20.01,14.01,7.00
-20.46,11.81,7.00
-22.21,10.36,7.00
-24.33,8.85,7.00
-27.27,7.31,7.00
-27.72,4.89,7.00
-29.53,2.58,7.00
-29.58,0.00,7.00
-29.51,-2.58,7.00
-28.76,-5.07,7.00
-26.76,-7.17,7.00
-24.43,-8.89,7.00
-21.92,-10.22,7.00
-21.07,-12.17,7.00
-19.53,-13.68,7.00
-18.79,-15.77,7.00
-17.33,-17.33,7.00
-15.69,-18.69,7.00
-14.04,-20.05,7.00
-12.18,-21.10,7.00
-10.59,-22.72,7.00
-8.28,-22.75,7.00
-6.24,-23.31,7.00
-4.16,-23.58,7.00
-2.08,-23.75,7.00
-0.00,-23.75,7.00
2.08,-23.80,7.00
4.21,-23.85,7.00
6.31,-23.55,7.00
8.30,-22.81,7.00
10.12,-21.70,7.00
12.31,-21.31,7.00
14.08,-20.11,7.00
15.55,-18.53,7.00
16.96,-16.96,7.00
18.74,-15.73,7.00
19.93,-13.95,7.00
20.50,-11.84,7.00
21.95,-10.24,7.00
22.89,-8.33,7.00
23.08,-6.18,7.00
23.96,-4.22,7.00
23.58,-2.06,7.00
25.03,0.00,8.00
24.90,2.18,8.00
24.03,4.24,8.00
23.81,6.38,8.00
22.12,8.05,8.00
21.79,10.16,8.00
21.12,12.19,8.00
19.72,13.81,8.00
18.99,15.93,8.00
17.89,17.89,8.00
15.45,18.41,8.00
13.86,19.79,8.00
12.30,21.30,8.00
10.63,22.79,8.00
8.21,22.56,8.00
6.37,23.76,8.00
4.38,24.85,8.00
2.08,23.75,8.00
0.00,23.99,8.00
-2.12,24.24,8.00
-4.22,23.92,8.00
-6.43,23.98,8.00
-8.41,23.11,8.00
-10.05,21.56,8.00
-12.35,21.40,8.00
-13.92,19.88,8.00
-16.08,19.16,8.00
-17.15,17.15,8.00
-18.57,15.58,8.00
-20.25,14.18,8.00
-21.48,12.40,8.00
-22.37,10.43,8.00
-24.05,8.75,8.00
-27.11,7.26,8.00
-28.27,4.98,8.00
-29.91,2.62,8.00
-29.64,0.00,8.00
-29.99,-2.62,8.00
-28.36,-5.00,8.00
-26.41,-7.08,8.00
-24.95,-9.08,8.00
-22.29,-10.39,8.00
-21.00,-12.13,8.00
-20.54,-14.39,8.00
-18.63,-15.63,8.00
-17.33,-17.33,8.00
-15.82,-18.85,8.00
-13.91,-19.87,8.00
-12.34,-21.38,8.00
-10.26,-22.01,8.00
-8.32,-22.87,8.00
-6.48,-24.19,8.00
-4.18,-23.72,8.00
-2.05,-23.45,8.00
-0.00,-25.14,8.00
2.22,-25.42,8.00
4.23,-23.97,8.00
6.14,-22.92,8.00
8.34,-22.91,8.00
10.31,-22.10,8.00
12.21,-21.15,8.00
13.80,-19.70,8.00
15.90,-18.95,8.00
17.47,-17.47,8.00
18.31,-15.36,8.00
20.30,-14.21,8.00
21.93,-12.66,8.00
22.27,-10.38,8.00
22.90,-8.33,8.00
23.61,-6.33,8.00
24.37,-4.30,8.00
23.72,-2.07,8.00
24.82,0.00,9.00
24.50,2.14,9.00
25.10,4.43,9.00
23.84,6.39,9.00
23.88,8.69,9.00
22.03,10.27,9.00
21.64,12.49,9.00
20.38,14.27,9.00
18.69,15.69,9.00
17.55,17.55,9.00
16.22,19.33,9.00
14.12,20.17,9.00
12.04,20.85,9.00
10.46,22.42,9.00
8.34,22.92,9.00
6.37,23.77,9.00
4.29,24.34,9.00
2.10,23.98,9.00
0.00,24.10,9.00
-2.17,24.85,9.00
-4.26,24.17,9.00
-6.14,22.92,9.00
-8.57,23.55,9.00
-10.51,22.53,9.00
-12.23,21.19,9.00
-13.89,19.84,9.00
-16.12,19.22,9.00
-17.60,17.60,9.00
-19.69,16.52,9.00
-20.41,14.29,9.00
-21.57,12.45,9.00
-22.37,10.43,9.00
-24.97,9.09,9.00
-26.90,7.21,9.00
-28.73,5.07,9.00
-29.05,2.54,9.00
-29.43,0.00,9.00
-29.06,-2.54,9.00
-28.55,-5.03,9.00
-27.24,-7.30,9.00
-24.49,-8.92,9.00
-22.28,-10.39,9.00
-21.54,-12.44,9.00
-20.19,-14.14,9.00
-19.25,-16.15,9.00
-16.86,-16.86,9.00
-15.70,-18.71,9.00
-14.02,-20.02,9.00
-11.91,-20.63,9.00
-10.30,-22.08,9.00
-8.34,-22.91,9.00
-6.38,-23.83,9.00
-4.38,-24.81,9.00
-2.15,-24.56,9.00
-0.00,-24.34,9.00
2.16,-24.63,9.00
4.37,-24.79,9.00
6.30,-23.53,9.00
8.34,-22.92,9.00
10.55,-22.63,9.00
12.33,-21.36,9.00
14.34,-20.49,9.00
15.91,-18.96,9.00
17.70,-17.70,9.00
18.64,-15.64,9.00
20.27,-14.19,9.00
21.36,-12.33,9.00
21.99,-10.25,9.00
22.67,-8.25,9.00
24.17,-6.48,9.00
24.24,-4.27,9.00
24.25,-2.12,9.00
24.96,0.00,10.00
25.35,2.22,10.00
23.72,4.18,10.00
23.57,6.32,10.00
23.15,8.42,10.00
23.19,10.81,10.00
21.75,12.56,10.00
20.73,14.52,10.00
18.80,15.78,10.00
17.36,17.36,10.00
16.18,19.29,10.00
14.35,20.50,10.00
12.61,21.84,10.00
10.53,22.59,10.00
8.59,23.60,10.00
6.49,24.21,10.00
4.40,24.93,10.00
2.21,25.23,10.00
0.00,24.35,10.00
-2.10,24.01,10.00
-4.41,25.01,10.00
-6.59,24.61,10.00
-8.41,23.11,10.00
-10.25,21.98,10.00
-12.52,21.68,10.00
-14.55,20.78,10.00
-16.53,19.70,10.00
-17.82,17.82,10.00
-19.04,15.97,10.00
-20.19,14.13,10.00
-21.65,12.50,10.00
-22.55,10.51,10.00
-24.13,8.78,10.00
-26.94,7.22,10.00
-28.13,4.96,10.00
-28.70,2.51,10.00
-28.16,0.00,10.00
-28.59,-2.50,10.00
-27.68,-4.88,10.00
-26.32,-7.05,10.00
-24.99,-9.09,10.00
-22.89,-10.67,10.00
-21.91,-12.65,10.00
-20.69,-14.49,10.00
-19.26,-16.16,10.00
-17.17,-17.17,10.00
-16.09,-19.18,10.00
-14.21,-20.30,10.00
-12.24,-21.21,10.00
-10.85,-23.27,10.00
-8.79,-24.14,10.00
-6.61,-24.67,10.00
-4.36,-24.72,10.00
-2.23,-25.44,10.00
-0.00,-25.00,10.00
2.19,-24.99,10.00
4.27,-24.19,10.00
6.51,-24.30,10.00
8.56,-23.52,10.00
10.35,-22.19,10.00
12.49,-21.63,10.00
14.32,-20.45,10.00
16.53,-19.70,10.00
17.93,-17.93,10.00
19.15,-16.07,10.00
20.56,-14.40,10.00
21.67,-12.51,10.00
22.58,-10.53,10.00
23.09,-8.40,10.00
24.09,-6.45,10.00
24.33,-4.29,10.00
24.41,-2.14,10.00
25.45,0.00,11.00
25.31,2.21,11.00
24.16,4.26,11.00
24.34,6.52,11.00
24.10,8.77,11.00
23.27,10.85,11.00
22.22,12.83,11.00
20.70,14.49,11.00
19.08,16.01,11.00
17.55,17.55,11.00
16.32,19.45,11.00
14.57,20.81,11.00
12.88,22.31,11.00
10.86,23.28,11.00
8.62,23.68,11.00
6.41,23.91,11.00
4.36,24.74,11.00
2.21,25.24,11.00
0.00,25.17,11.00
-2.18,24.92,11.00
-4.40,24.97,11.00
-6.48,24.19,11.00
-8.55,23.49,11.00
-10.72,23.00,11.00
-12.54,21.73,11.00
-14.54,20.76,11.00
-16.30,19.43,11.00
-17.53,17.53,11.00
-19.20,16.11,11.00
-21.15,14.81,11.00
-21.46,12.39,11.00
-22.12,10.31,11.00
-23.57,8.58,11.00
-25.45,6.82,11.00
-26.36,4.65,11.00
-26.86,2.35,11.00
-27.59,0.00,11.00
-25.85,-2.26,11.00
-26.50,-4.67,11.00
-26.05,-6.98,11.00
-23.84,-8.68,11.00
-22.75,-10.61,11.00
-21.61,-12.47,11.00
-20.39,-14.28,11.00
-19.24,-16.15,11.00
-18.26,-18.26,11.00
-16.70,-19.91,11.00
-14.41,-20.57,11.00
-13.01,-22.53,11.00
-10.68,-22.90,11.00
-8.88,-24.39,11.00
-6.53,-24.35,11.00
-4.39,-24.92,11.00
-2.21,-25.30,11.00
-0.00,-26.52,11.00
2.23,-25.49,11.00
4.34,-24.59,11.00
6.64,-24.76,11.00
8.59,-23.59,11.00
10.59,-22.71,11.00
12.81,-22.18,11.00
14.49,-20.69,11.00
16.30,-19.43,11.00
17.86,-17.86,11.00
19.45,-16.32,11.00
20.82,-14.58,11.00
21.20,-12.24,11.00
23.13,-10.78,11.00
23.36,-8.50,11.00
23.83,-6.39,11.00
24.84,-4.38,11.00
25.19,-2.20,11.00
25.22,0.00,12.00
25.73,2.25,12.00
24.58,4.33,12.00
24.47,6.56,12.00
23.74,8.64,12.00
23.09,10.77,12.00
22.18,12.81,12.00
20.56,14.39,12.00
19.76,16.58,12.00
18.05,18.05,12.00
15.90,18.95,12.00
14.18,20.25,12.00
12.75,22.08,12.00
10.74,23.03,12.00
8.71,23.92,12.00
6.60,24.62,12.00
4.44,25.20,12.00
2.26,25.78,12.00
0.00,25.06,12.00
-2.18,24.94,12.00
-4.35,24.68,12.00
-6.63,24.74,12.00
-8.89,24.43,12.00
-10.70,22.95,12.00
-12.25,21.22,12.00
-14.24,20.33,12.00
-16.18,19.28,12.00
-17.87,17.87,12.00
-19.41,16.29,12.00
-20.90,14.64,12.00
-21.98,12.69,12.00
-23.49,10.95,12.00
-23.71,8.63,12.00
-24.30,6.51,12.00
-25.30,4.46,12.00
-24.79,2.17,12.00
-25.66,0.00,12.00
-25.44,-2.23,12.00
-25.05,-4.42,12.00
-25.24,-6.76,12.00
-23.73,-8.64,12.00
-23.86,-11.13,12.00
-22.01,-12.70,12.00
-20.47,-14.33,12.00
-19.56,-16.41,12.00
-17.73,-17.73,12.00
-16.20,-19.30,12.00
-14.72,-21.02,12.00
-12.86,-22.28,12.00
-10.67,-22.89,12.00
-8.86,-24.33,12.00
-6.72,-25.08,12.00
-4.53,-25.68,12.00
-2.24,-25.61,12.00
-0.00,-26.05,12.00
2.16,-24.65,12.00
4.41,-24.99,12.00
6.51,-24.30,12.00
8.74,-24.01,12.00
10.68,-22.90,12.00
12.72,-22.03,12.00
15.06,-21.51,12.00
16.35,-19.48,12.00
18.15,-18.15,12.00
19.46,-16.33,12.00
20.91,-14.64,12.00
22.09,-12.75,12.00
23.27,-10.85,12.00
24.40,-8.88,12.00
25.27,-6.77,12.00
25.23,-4.45,12.00
25.64,-2.24,12.00
25.29,0.00,13.00
25.62,2.24,13.00
25.73,4.54,13.00
25.21,6.75,13.00
24.28,8.84,13.00
23.66,11.03,13.00
22.47,12.97,13.00
21.49,15.04,13.00
19.81,16.63,13.00
18.11,18.11,13.00
16.64,19.83,13.00
14.10,20.13,13.00
12.95,22.43,13.00
10.27,22.01,13.00
8.57,23.55,13.00
6.71,25.05,13.00
4.50,25.55,13.00
2.20,25.19,13.00
0.00,25.47,13.00
-2.29,26.20,13.00
-4.44,25.17,13.00
-6.90,25.74,13.00
-8.81,24.20,13.00
-10.95,23.49,13.00
-13.20,22.86,13.00
-14.80,21.14,13.00
-16.29,19.42,13.00
-18.18,18.18,13.00
-19.71,16.54,13.00
-20.65,14.46,13.00
-22.21,12.82,13.00
-23.07,10.76,13.00
-24.54,8.93,13.00
-24.89,6.67,13.00
-25.25,4.45,13.00
-25.61,2.24,13.00
-25.84,0.00,13.00
-25.90,-2.27,13.00
-24.96,-4.40,13.00
-24.47,-6.56,13.00
-24.61,-8.96,13.00
-23.19,-10.81,13.00
-21.81,-12.59,13.00
-21.24,-14.87,13.00
-19.87,-16.67,13.00
-17.78,-17.78,13.00
-16.61,-19.80,13.00
-14.94,-21.33,13.00
-12.95,-22.43,13.00
-10.99,-23.57,13.00
-8.61,-23.67,13.00
-6.70,-25.00,13.00
-4.45,-25.24,13.00
-2.23,-25.46,13.00
-0.00,-26.10,13.00
2.30,-26.24,13.00
4.60,-26.07,13.00
6.80,-25.38,13.00
8.79,-24.16,13.00
10.94,-23.47,13.00
13.03,-22.57,13.00
14.80,-21.13,13.00
16.59,-19.77,13.00
18.44,-18.44,13.00
19.71,-16.54,13.00
20.85,-14.60,13.00
22.16,-12.79,13.00
23.57,-10.99,13.00
24.20,-8.81,13.00
25.00,-6.70,13.00
25.62,-4.52,13.00
25.50,-2.23,13.00
26.30,0.00,14.00
26.05,2.28,14.00
25.12,4.43,14.00
25.67,6.88,14.00
24.24,8.82,14.00
22.96,10.71,14.00
22.15,12.79,14.00
20.96,14.68,14.00
19.93,16.73,14.00
18.31,18.31,14.00
16.63,19.81,14.00
15.06,21.50,14.00
13.07,22.63,14.00
11.04,23.68,14.00
8.95,24.59,14.00
6.79,25.35,14.00
4.37,24.77,14.00
2.25,25.76,14.00
0.00,25.13,14.00
-2.27,25.92,14.00
-4.51,25.60,14.00
-6.84,25.52,14.00
-9.06,24.88,14.00
-11.02,23.64,14.00
-12.90,22.34,14.00
-15.02,21.46,14.00
-16.58,19.76,14.00
-18.38,18.38,14.00
-20.22,16.97,14.00
-21.12,14.79,14.00
-22.80,13.16,14.00
-23.81,11.10,14.00
-24.07,8.76,14.00
-25.49,6.83,14.00
-25.88,4.56,14.00
-25.94,2.27,14.00
-25.70,0.00,14.00
-25.56,-2.24,14.00
-25.39,-4.48,14.00
-25.32,-6.79,14.00
-24.07,-8.76,14.00
-23.72,-11.06,14.00
-22.09,-12.75,14.00
-21.23,-14.87,14.00
-19.95,-16.74,14.00
-19.08,-19.08,14.00
-16.36,-19.50,14.00
-15.25,-21.78,14.00
-13.03,-22.57,14.00
-11.06,-23.71,14.00
-8.91,-24.48,14.00
-6.78,-25.29,14.00
-4.50,-25.54,14.00
-2.32,-26.48,14.00
-0.00,-25.82,14.00
2.31,-26.35,14.00
4.47,-25.35,14.00
6.72,-25.09,14.00
8.75,-24.03,14.00
11.06,-23.73,14.00
13.29,-23.02,14.00
14.90,-21.27,14.00
16.66,-19.86,14.00
18.07,-18.07,14.00
19.85,-16.65,14.00
20.78,-14.55,14.00
22.20,-12.82,14.00
23.65,-11.03,14.00
24.93,-9.07,14.00
26.20,-7.02,14.00
25.37,-4.47,14.00
26.47,-2.32,14.00
25.97,0.00,15.00
25.72,2.25,15.00
25.65,4.52,15.00
25.02,6.70,15.00
24.36,8.86,15.00
23.30,10.87,15.00
21.92,12.66,15.00
20.69,14.49,15.00
20.02,16.80,15.00
18.22,18.22,15.00
16.48,19.64,15.00
14.84,21.20,15.00
13.10,22.68,15.00
10.97,23.52,15.00
8.76,24.07,15.00
6.82,25.47,15.00
4.60,26.10,15.00
2.27,25.97,15.00
0.00,26.26,15.00
-2.30,26.27,15.00
-4.57,25.93,15.00
-6.76,25.23,15.00
-8.93,24.54,15.00
-11.02,23.64,15.00
-12.72,22.03,15.00
-15.00,21.43,15.00
-16.28,19.41,15.00
-18.07,18.07,15.00
-20.22,16.97,15.00
-21.47,15.03,15.00
-22.92,13.23,15.00
-23.35,10.89,15.00
-23.88,8.69,15.00
-24.90,6.67,15.00
-25.52,4.50,15.00
-25.81,2.26,15.00
-26.33,0.00,15.00
-25.63,-2.24,15.00
-25.62,-4.52,15.00
-24.61,-6.59,15.00
-24.48,-8.91,15.00
-23.45,-10.94,15.00
-22.15,-12.79,15.00
-21.12,-14.79,15.00
-19.76,-16.58,15.00
-18.22,-18.22,15.00
-17.09,-20.36,15.00
-14.82,-21.16,15.00
-12.89,-22.32,15.00
-10.58,-22.69,15.00
-8.73,-23.98,15.00
-6.67,-24.89,15.00
-4.45,-25.21,15.00
-2.30,-26.33,15.00
-0.00,-25.81,15.00
2.30,-26.29,15.00
4.50,-25.51,15.00
6.70,-25.01,15.00
8.84,-24.28,15.00
10.94,-23.45,15.00
13.28,-23.00,15.00
14.31,-20.44,15.00
16.12,-19.21,15.00
18.14,-18.14,15.00
19.83,-16.64,15.00
21.42,-15.00,15.00
22.57,-13.03,15.00
23.31,-10.87,15.00
24.70,-8.99,15.00
25.39,-6.80,15.00
25.55,-4.51,15.00
26.16,-2.29,15.00
25.86,0.00,16.00
25.43,2.22,16.00
25.63,4.52,16.00
24.92,6.68,16.00
24.20,8.81,16.00
23.87,11.13,16.00
21.45,12.38,16.00
20.63,14.44,16.00
19.36,16.25,16.00
18.11,18.11,16.00
16.49,19.65,16.00
14.42,20.60,16.00
12.68,21.96,16.00
10.74,23.03,16.00
9.14,25.12,16.00
6.85,25.57,16.00
4.44,25.20,16.00
2.23,25.51,16.00
0.00,25.29,16.00
-2.18,24.89,16.00
-4.46,25.31,16.00
-6.56,24.49,16.00
-8.80,24.17,16.00
-10.61,22.76,16.00
-12.72,22.04,16.00
-14.80,21.14,16.00
-16.65,19.84,16.00
-18.33,18.33,16.00
-19.32,16.21,16.00
-21.37,14.97,16.00
-22.02,12.71,16.00
-23.57,10.99,16.00
-24.19,8.81,16.00
-24.34,6.52,16.00
-25.23,4.45,16.00
-25.80,2.26,16.00
-26.00,0.00,16.00
-25.60,-2.24,16.00
-25.96,-4.58,16.00
-25.26,-6.77,16.00
-24.10,-8.77,16.00
-23.61,-11.01,16.00
-22.97,-13.26,16.00
-21.74,-15.22,16.00
-19.35,-16.24,16.00
-17.95,-17.95,16.00
-16.93,-20.18,16.00
-14.53,-20.75,16.00
-12.61,-21.84,16.00
-10.80,-23.16,16.00
-8.86,-24.36,16.00
-6.65,-24.83,16.00
-4.43,-25.10,16.00
-2.22,-25.38,16.00
-0.00,-25.47,16.00
2.21,-25.30,16.00
4.63,-26.26,16.00
6.70,-24.99,16.00
8.93,-24.53,16.00
10.80,-23.16,16.00
12.84,-22.24,16.00
14.61,-20.86,16.00
15.87,-18.91,16.00
17.82,-17.82,16.00
19.17,-16.09,16.00
20.36,-14.25,16.00
21.89,-12.64,16.00
23.82,-11.11,16.00
24.18,-8.80,16.00
25.37,-6.80,16.00
25.52,-4.50,16.00
25.96,-2.27,16.00
25.26,0.00,17.00
25.74,2.25,17.00
25.52,4.50,17.00
24.53,6.57,17.00
24.29,8.84,17.00
23.43,10.93,17.00
22.00,12.70,17.00
20.62,14.44,17.00
19.27,16.17,17.00
18.14,18.14,17.00
16.56,19.73,17.00
14.52,20.73,17.00
12.82,22.20,17.00
10.93,23.43,17.00
8.85,24.31,17.00
6.79,25.35,17.00
4.54,25.74,17.00
2.20,25.13,17.00
0.00,26.30,17.00
-2.21,25.32,17.00
-4.52,25.65,17.00
-6.64,24.78,17.00
-8.71,23.92,17.00
-10.52,22.57,17.00
-12.78,22.13,17.00
-14.34,20.48,17.00
-16.72,19.93,17.00
-18.55,18.55,17.00
-19.39,16.27,17.00
-21.09,14.77,17.00
-21.94,12.67,17.00
-23.00,10.72,17.00
-24.37,8.87,17.00
-24.74,6.63,17.00
-25.92,4.57,17.00
-25.34,2.22,17.00
-26.02,0.00,17.00
-25.57,-2.24,17.00
-25.55,-4.51,17.00
-24.58,-6.59,17.00
-24.06,-8.76,17.00
-23.18,-10.81,17.00
-21.90,-12.65,17.00
-21.21,-14.85,17.00
-19.83,-16.64,17.00
-18.29,-18.29,17.00
-16.87,-20.10,17.00
-15.03,-21.47,17.00
-12.74,-22.06,17.00
-10.89,-23.36,17.00
-8.68,-23.85,17.00
-6.63,-24.76,17.00
-4.41,-25.00,17.00
-2.29,-26.17,17.00
-0.00,-25.77,17.00
2.23,-25.44,17.00
4.53,-25.71,17.00
6.41,-23.91,17.00
8.49,-23.32,17.00
10.96,-23.51,17.00
12.82,-22.21,17.00
14.76,-21.07,17.00
16.13,-19.22,17.00
18.11,-18.11,17.00
20.24,-16.99,17.00
21.26,-14.89,17.00
22.25,-12.85,17.00
23.06,-10.76,17.00
23.93,-8.71,17.00
23.93,-6.41,17.00
25.34,-4.47,17.00
25.86,-2.26,17.00
24.87,0.00,18.00
25.14,2.20,18.00
24.66,4.35,18.00
24.26,6.50,18.00
23.98,8.73,18.00
22.36,10.42,18.00
22.30,12.87,18.00
21.14,14.80,18.00
19.46,16.33,18.00
17.33,17.33,18.00
16.13,19.23,18.00
14.91,21.29,18.00
12.19,21.12,18.00
10.72,22.98,18.00
8.56,23.52,18.00
6.68,24.94,18.00
4.38,24.85,18.00
2.24,25.56,18.00
0.00,25.73,18.00
-2.29,26.13,18.00
-4.41,25.03,18.00
-6.64,24.78,18.00
-8.52,23.40,18.00
-10.98,23.54,18.00
-12.60,21.82,18.00
-14.50,20.70,18.00
-16.39,19.53,18.00
-17.59,17.59,18.00
-19.60,16.45,18.00
-21.21,14.85,18.00
-22.19,12.81,18.00
-22.53,10.51,18.00
-23.92,8.70,18.00
-24.92,6.68,18.00
-24.37,4.30,18.00
-24.97,2.19,18.00
-25.85,0.00,18.00
-25.51,-2.23,18.00
-25.27,-4.46,18.00
-25.35,-6.79,18.00
-24.14,-8.79,18.00
-23.35,-10.89,18.00
-23.02,-13.29,18.00
-20.82,-14.58,18.00
-19.29,-16.19,18.00
-18.15,-18.15,18.00
-16.50,-19.67,18.00
-14.51,-20.72,18.00
-12.54,-21.73,18.00
-11.17,-23.95,18.00
-8.77,-24.09,18.00
-6.52,-24.35,18.00
-4.49,-25.47,18.00
-2.22,-25.36,18.00
-0.00,-25.40,18.00
2.24,-25.63,18.00
4.34,-24.60,18.00
6.64,-24.77,18.00
8.98,-24.68,18.00
10.86,-23.28,18.00
12.67,-21.95,18.00
14.51,-20.72,18.00
16.29,-19.41,18.00
17.96,-17.96,18.00
19.42,-16.29,18.00
21.19,-14.84,18.00
21.48,-12.40,18.00
23.42,-10.92,18.00
23.82,-8.67,18.00
24.78,-6.64,18.00
24.67,-4.35,18.00
25.93,-2.27,18.00
25.87,0.00,19.00
25.66,2.25,19.00
24.39,4.30,19.00
24.83,6.65,19.00
24.00,8.73,19.00
22.42,10.45,19.00
21.97,12.68,19.00
20.91,14.64,19.00
19.61,16.45,19.00
17.99,17.99,19.00
16.39,19.53,19.00
14.89,21.27,19.00
12.93,22.40,19.00
10.24,21.96,19.00
8.64,23.73,19.00
6.55,24.45,19.00
4.28,24.30,19.00
2.21,25.32,19.00
0.00,25.87,19.00
-2.17,24.85,19.00
-4.43,25.12,19.00
-6.47,24.16,19.00
-8.59,23.59,19.00
-10.97,23.53,19.00
-12.58,21.79,19.00
-14.66,20.94,19.00
-15.83,18.87,19.00
-18.47,18.47,19.00
-19.62,16.47,19.00
-20.73,14.51,19.00
-22.17,12.80,19.00
-22.49,10.49,19.00
-24.29,8.84,19.00
-24.39,6.53,19.00
-24.91,4.39,19.00
-25.08,2.19,19.00
-25.14,0.00,19.00
-25.56,-2.24,19.00
-25.09,-4.42,19.00
-24.76,-6.64,19.00
-23.84,-8.68,19.00
-23.18,-10.81,19.00
-21.83,-12.60,19.00
-21.52,-15.07,19.00
-18.96,-15.91,19.00
-18.30,-18.30,19.00
-16.66,-19.86,19.00
-14.36,-20.51,19.00
-13.13,-22.75,19.00
-10.89,-23.36,19.00
-8.81,-24.21,19.00
-6.57,-24.52,19.00
-4.39,-24.90,19.00
-2.20,-25.19,19.00
-0.00,-25.53,19.00
2.26,-25.84,19.00
4.42,-25.06,19.00
6.47,-24.16,19.00
8.79,-24.15,19.00
10.88,-23.33,19.00
12.82,-22.20,19.00
14.73,-21.03,19.00
16.24,-19.36,19.00
17.68,-17.68,19.00
19.17,-16.09,19.00
20.25,-14.18,19.00
22.06,-12.73,19.00
22.97,-10.71,19.00
23.68,-8.62,19.00
23.37,-6.26,19.00
24.50,-4.32,19.00
25.73,-2.25,19.00
24.98,0.00,20.00
25.30,2.21,20.00
24.32,4.29,20.00
24.95,6.68,20.00
23.67,8.62,20.00
22.99,10.72,20.00
22.67,13.09,20.00
21.18,14.83,20.00
19.25,16.15,20.00
17.69,17.69,20.00
16.15,19.24,20.00
14.60,20.85,20.00
12.60,21.83,20.00
10.60,22.74,20.00
8.84,24.28,20.00
6.52,24.35,20.00
4.54,25.77,20.00
2.20,25.19,20.00
0.00,25.96,20.00
-2.21,25.30,20.00
-4.45,25.25,20.00
-6.46,24.11,20.00
-8.52,23.41,20.00
-10.75,23.05,20.00
-12.82,22.21,20.00
-14.49,20.70,20.00
-15.90,18.95,20.00
-17.47,17.47,20.00
-18.91,15.86,20.00
-20.10,14.08,20.00
-21.91,12.65,20.00
-23.29,10.86,20.00
-23.72,8.63,20.00
-23.52,6.30,20.00
-24.79,4.37,20.00
-25.09,2.20,20.00
-26.09,0.00,20.00
-24.57,-2.15,20.00
-24.71,-4.36,20.00
-25.05,-6.71,20.00
-23.90,-8.70,20.00
-23.09,-10.77,20.00
-21.91,-12.65,20.00
-20.79,-14.56,20.00
-19.58,-16.43,20.00
-17.63,-17.63,20.00
-16.46,-19.61,20.00
-14.17,-20.23,20.00
-12.69,-21.98,20.00
-10.70,-22.95,20.00
-8.55,-23.50,20.00
-6.53,-24.38,20.00
-4.34,-24.62,20.00
-2.16,-24.73,20.00
-0.00,-25.11,20.00
2.16,-24.71,20.00
4.41,-24.99,20.00
6.42,-23.95,20.00
8.73,-23.99,20.00
10.47,-22.46,20.00
12.51,-21.67,20.00
14.34,-20.48,20.00
16.57,-19.75,20.00
17.95,-17.95,20.00
19.28,-16.18,20.00
20.85,-14.60,20.00
21.14,-12.20,20.00
22.87,-10.66,20.00
24.48,-8.91,20.00
24.44,-6.55,20.00
24.89,-4.39,20.00
25.37,-2.22,20.00
25.48,0.00,21.00
24.23,2.12,21.00
24.08,4.25,21.00
24.35,6.52,21.00
23.34,8.50,21.00
23.25,10.84,21.00
21.65,12.50,21.00
19.95,13.97,21.00
18.86,15.82,21.00
16.99,16.99,21.00
16.09,19.18,21.00
14.37,20.52,21.00
12.48,21.61,21.00
10.80,23.16,21.00
8.76,24.06,21.00
6.49,24.20,21.00
4.21,23.90,21.00
2.21,25.28,21.00
0.00,25.35,21.00
-2.20,25.15,21.00
-4.43,25.13,21.00
-6.38,23.82,21.00
-8.87,24.36,21.00
-10.46,22.42,21.00
-12.71,22.02,21.00
-14.02,20.03,21.00
-15.91,18.96,21.00
-18.19,18.19,21.00
-19.17,16.08,21.00
-20.86,14.60,21.00
-21.84,12.61,21.00
-22.73,10.60,21.00
-24.12,8.78,21.00
-24.18,6.48,21.00
-24.04,4.24,21.00
-24.71,2.16,21.00
-25.35,0.00,21.00
-25.19,-2.20,21.00
-24.13,-4.25,21.00
-23.99,-6.43,21.00
-23.39,-8.51,21.00
-22.64,-10.56,21.00
-21.28,-12.29,21.00
-20.38,-14.27,21.00
-19.02,-15.96,21.00
-17.98,-17.98,21.00
-16.36,-19.49,21.00
-14.38,-20.53,21.00
-12.48,-21.62,21.00
-10.64,-22.82,21.00
-8.48,-23.30,21.00
-6.38,-23.83,21.00
-4.30,-24.37,21.00
-2.17,-24.78,21.00
-0.00,-24.66,21.00
2.20,-25.09,21.00
4.41,-25.03,21.00
6.34,-23.66,21.00
8.60,-23.62,21.00
10.58,-22.69,21.00
12.63,-21.88,21.00
14.41,-20.58,21.00
15.78,-18.80,21.00
17.41,-17.41,21.00
19.26,-16.16,21.00
20.92,-14.65,21.00
20.99,-12.12,21.00
22.90,-10.68,21.00
24.06,-8.76,21.00
24.21,-6.49,21.00
24.96,-4.40,21.00
24.75,-2.17,21.00
24.95,0.00,22.00
24.26,2.12,22.00
23.70,4.18,22.00
24.51,6.57,22.00
23.12,8.42,22.00
22.49,10.49,22.00
21.17,12.22,22.00
20.02,14.02,22.00
19.10,16.02,22.00
17.47,17.47,22.00
16.17,19.27,22.00
14.44,20.63,22.00
12.56,21.76,22.00
10.61,22.74,22.00
8.77,24.09,22.00
6.36,23.74,22.00
4.34,24.60,22.00
2.22,25.36,22.00
0.00,25.51,22.00
-2.13,24.34,22.00
-4.32,24.50,22.00
-6.61,24.67,22.00
-8.62,23.68,22.00
-10.60,22.73,22.00
-12.46,21.58,22.00
-14.25,20.35,22.00
-16.14,19.24,22.00
-17.61,17.61,22.00
-19.14,16.06,22.00
-20.50,14.36,22.00
-21.42,12.36,22.00
-22.85,10.66,22.00
-24.59,8.95,22.00
-23.46,6.29,22.00
-24.75,4.36,22.00
-24.60,2.15,22.00
-25.23,0.00,22.00
-24.92,-2.18,22.00
-24.92,-4.39,22.00
-24.60,-6.59,22.00
-23.56,-8.58,22.00
-23.07,-10.76,22.00
-20.84,-12.03,22.00
-21.00,-14.70,22.00
-19.27,-16.17,22.00
-17.98,-17.98,22.00
-15.76,-18.78,22.00
-14.15,-20.21,22.00
-12.53,-21.70,22.00
-10.56,-22.65,22.00
-8.59,-23.60,22.00
-6.58,-24.57,22.00
-4.22,-23.92,22.00
-2.21,-25.29,22.00
-0.00,-25.00,22.00
2.17,-24.82,22.00
4.24,-24.04,22.00
6.52,-24.34,22.00
8.22,-22.58,22.00
10.68,-22.89,22.00
12.20,-21.13,22.00
14.35,-20.50,22.00
16.04,-19.11,22.00
18.01,-18.01,22.00
19.10,-16.02,22.00
20.25,-14.18,22.00
21.48,-12.40,22.00
23.12,-10.78,22.00
23.69,-8.62,22.00
24.00,-6.43,22.00
24.53,-4.32,22.00
24.28,-2.12,22.00
24.49,0.00,23.00
23.54,2.06,23.00
24.26,4.28,23.00
23.55,6.31,23.00
23.76,8.65,23.00
21.65,10.10,23.00
21.04,12.15,23.00
20.52,14.37,23.00
19.01,15.95,23.00
17.01,17.01,23.00
15.70,18.71,23.00
13.96,19.93,23.00
12.22,21.17,23.00
10.17,21.80,23.00
8.31,22.83,23.00
6.13,22.89,23.00
4.23,24.02,23.00
2.14,24.42,23.00
0.00,24.24,23.00
-2.06,23.60,23.00
-4.29,24.35,23.00
-6.34,23.65,23.00
-8.22,22.59,23.00
-10.24,21.95,23.00
-11.87,20.55,23.00
-13.72,19.60,23.00
-15.50,18.48,23.00
-17.55,17.55,23.00
-18.44,15.48,23.00
-20.14,14.10,23.00
-20.89,12.06,23.00
-22.14,10.33,23.00
-22.81,8.30,23.00
-23.84,6.39,23.00
-23.75,4.19,23.00
-23.61,2.07,23.00
-23.78,0.00,23.00
-24.03,-2.10,23.00
-23.47,-4.14,23.00
-23.66,-6.34,23.00
-22.69,-8.26,23.00
-22.91,-10.69,23.00
-20.47,-11.82,23.00
-20.00,-14.00,23.00
-18.29,-15.35,23.00
-17.07,-17.07,23.00
-15.68,-18.68,23.00
-13.42,-19.17,23.00
-12.21,-21.16,23.00
-10.61,-22.74,23.00
-8.26,-22.70,23.00
-6.32,-23.60,23.00
-4.30,-24.37,23.00
-2.12,-24.18,23.00
-0.00,-24.10,23.00
2.04,-23.33,23.00
4.27,-24.22,23.00
6.29,-23.46,23.00
8.18,-22.49,23.00
10.31,-22.10,23.00
12.05,-20.87,23.00
13.84,-19.76,23.00
15.80,-18.83,23.00
16.83,-16.83,23.00
18.96,-15.91,23.00
19.47,-13.64,23.00
20.84,-12.03,23.00
22.75,-10.61,23.00
23.29,-8.48,23.00
23.54,-6.31,23.00
23.59,-4.16,23.00
24.03,-2.10,23.00
23.70,0.00,24.00
23.59,2.06,24.00
23.27,4.10,24.00
22.85,6.12,24.00
22.16,8.07,24.00
20.93,9.76,24.00
20.32,11.73,24.00
19.69,13.78,24.00
17.71,14.86,24.00
16.68,16.68,24.00
15.00,17.88,24.00
13.60,19.42,24.00
11.76,20.36,24.00
10.25,21.98,24.00
8.16,22.43,24.00
5.99,22.35,24.00
4.16,23.57,24.00
2.04,23.27,24.00
0.00,23.44,24.00
-2.07,23.70,24.00
-4.08,23.11,24.00
-6.22,23.21,24.00
-7.99,21.95,24.00
-9.90,21.22,24.00
-11.70,20.27,24.00
-13.44,19.20,24.00
-15.50,18.47,24.00
-16.91,16.91,24.00
-18.65,15.65,24.00
-20.13,14.09,24.00
-20.14,11.63,24.00
-21.47,10.01,24.00
-21.80,7.93,24.00
-22.56,6.04,24.00
-23.06,4.07,24.00
-23.16,2.03,24.00
-23.25,0.00,24.00
-23.52,-2.06,24.00
-22.83,-4.03,24.00
-23.19,-6.21,24.00
-21.89,-7.97,24.00
-22.47,-10.48,24.00
-20.34,-11.74,24.00
-19.41,-13.59,24.00
-17.73,-14.88,24.00
-17.22,-17.22,24.00
-15.50,-18.47,24.00
-13.64,-19.48,24.00
-11.56,-20.03,24.00
-10.04,-21.53,24.00
-7.94,-21.82,24.00
-6.28,-23.43,24.00
-4.17,-23.63,24.00
-2.07,-23.61,24.00
-0.00,-22.69,24.00
2.03,-23.18,24.00
4.16,-23.58,24.00
6.25,-23.33,24.00
8.25,-22.66,24.00
9.73,-20.87,24.00
11.89,-20.60,24.00
13.81,-19.72,24.00
14.79,-17.62,24.00
16.73,-16.73,24.00
18.21,-15.28,24.00
19.29,-13.51,24.00
19.85,-11.46,24.00
21.33,-9.95,24.00
22.12,-8.05,24.00
22.80,-6.11,24.00
23.09,-4.07,24.00
23.40,-2.05,24.00
22.98,0.00,25.00
23.09,2.02,25.00
22.53,3.97,25.00
22.06,5.91,25.00
21.65,7.88,25.00
20.15,9.40,25.00
20.08,11.60,25.00
18.84,13.19,25.00
17.63,14.79,25.00
16.54,16.54,25.00
14.28,17.02,25.00
12.74,18.19,25.00
11.55,20.01,25.00
9.72,20.84,25.00
7.89,21.68,25.00
5.90,22.04,25.00
4.04,22.91,25.00
2.04,23.28,25.00
0.00,23.19,25.00
-2.00,22.81,25.00
-3.85,21.82,25.00
-6.03,22.51,25.00
-8.03,22.07,25.00
-9.83,21.08,25.00
-11.32,19.61,25.00
-13.35,19.06,25.00
-15.01,17.88,25.00
-16.70,16.70,25.00
-17.35,14.56,25.00
-18.77,13.14,25.00
-20.18,11.65,25.00
-20.87,9.73,25.00
-21.19,7.71,25.00
-22.38,6.00,25.00
-22.88,4.03,25.00
-22.95,2.01,25.00
-23.09,0.00,25.00
-22.81,-2.00,25.00
-23.23,-4.10,25.00
-21.87,-5.86,25.00
-21.39,-7.79,25.00
-20.85,-9.72,25.00
-20.22,-11.68,25.00
-18.35,-12.85,25.00
-17.22,-14.45,25.00
-15.69,-15.69,25.00
-14.79,-17.63,25.00
-12.94,-18.47,25.00
-11.42,-19.79,25.00
-9.83,-21.08,25.00
-7.78,-21.37,25.00
-5.98,-22.31,25.00
-3.97,-22.53,25.00
-2.03,-23.18,25.00
-0.00,-23.19,25.00
1.98,-22.64,25.00
3.98,-22.58,25.00
6.06,-22.62,25.00
7.92,-21.76,25.00
9.48,-20.34,25.00
11.63,-20.15,25.00
12.94,-18.49,25.00
15.15,-18.05,25.00
16.55,-16.55,25.00
17.71,-14.86,25.00
18.89,-13.23,25.00
19.85,-11.46,25.00
21.09,-9.83,25.00
21.47,-7.82,25.00
22.31,-5.98,25.00
22.99,-4.05,25.00
22.69,-1.98,25.00
22.09,0.00,26.00
21.77,1.90,26.00
21.57,3.80,26.00
20.87,5.59,26.00
21.26,7.74,26.00
20.90,9.74,26.00
19.83,11.45,26.00
17.76,12.44,26.00
17.33,14.54,26.00
16.19,16.19,26.00
14.24,16.97,26.00
12.83,18.33,26.00
10.77,18.65,26.00
9.48,20.34,26.00
7.49,20.59,26.00
5.80,21.65,26.00
3.77,21.38,26.00
1.97,22.46,26.00
0.00,22.74,26.00
-1.92,21.94,26.00
-3.80,21.55,26.00
-5.56,20.74,26.00
-7.60,20.89,26.00
-9.34,20.03,26.00
-10.86,18.80,26.00
-12.91,18.44,26.00
-14.24,16.97,26.00
-15.49,15.49,26.00
-16.94,14.21,26.00
-18.65,13.06,26.00
-19.55,11.29,26.00
-20.19,9.42,26.00
-21.22,7.72,26.00
-21.12,5.66,26.00
-22.01,3.88,26.00
-22.31,1.95,26.00
-22.15,0.00,26.00
-22.42,-1.96,26.00
-21.69,-3.82,26.00
-21.77,-5.83,26.00
-21.19,-7.71,26.00
-19.18,-8.95,26.00
-19.75,-11.40,26.00
-17.30,-12.11,26.00
-16.92,-14.20,26.00
-16.08,-16.08,26.00
-14.27,-17.01,26.00
-12.47,-17.81,26.00
-10.95,-18.96,26.00
-9.61,-20.61,26.00
-7.38,-20.26,26.00
-5.90,-22.01,26.00
-3.87,-21.97,26.00
-1.90,-21.77,26.00
-0.00,-22.10,26.00
1.91,-21.84,26.00
3.94,-22.34,26.00
5.86,-21.86,26.00
7.40,-20.34,26.00
9.37,-20.09,26.00
10.99,-19.04,26.00
13.11,-18.72,26.00
14.01,-16.69,26.00
16.25,-16.25,26.00
17.10,-14.35,26.00
17.91,-12.54,26.00
19.11,-11.03,26.00
19.95,-9.30,26.00
20.51,-7.46,26.00
21.61,-5.79,26.00
21.51,-3.79,26.00
21.38,-1.87,26.00
21.51,0.00,27.00
20.87,1.83,27.00
21.04,3.71,27.00
20.58,5.51,27.00
20.03,7.29,27.00
20.36,9.49,27.00
18.78,10.84,27.00
17.83,12.48,27.00
16.05,13.47,27.00
15.14,15.14,27.00
13.98,16.66,27.00
12.19,17.41,27.00
11.01,19.08,27.00
8.95,19.20,27.00
7.37,20.25,27.00
5.55,20.70,27.00
3.77,21.40,27.00
1.87,21.33,27.00
0.00,21.56,27.00
-1.88,21.49,27.00
-3.71,21.05,27.00
-5.66,21.12,27.00
-7.44,20.45,27.00
-9.14,19.60,27.00
-10.75,18.61,27.00
-12.61,18.01,27.00
-13.87,16.53,27.00
-15.23,15.23,27.00
-16.63,13.95,27.00
-18.30,12.82,27.00
-18.30,10.57,27.00
-19.92,9.29,27.00
-19.65,7.15,27.00
-21.01,5.63,27.00
-21.96,3.87,27.00
-21.78,1.91,27.00
-21.73,0.00,27.00
-21.36,-1.87,27.00
-21.35,-3.76,27.00
-20.83,-5.58,27.00
-20.06,-7.30,27.00
-19.53,-9.11,27.00
-18.83,-10.87,27.00
-17.50,-12.25,27.00
-16.35,-13.72,27.00
-14.94,-14.94,27.00
-14.03,-16.72,27.00
-12.55,-17.93,27.00
-10.88,-18.84,27.00
-9.32,-19.99,27.00
-7.42,-20.39,27.00
-5.65,-21.08,27.00
-3.78,-21.46,27.00
-1.89,-21.55,27.00
-0.00,-21.45,27.00
1.97,-22.47,27.00
3.73,-21.16,27.00
5.54,-20.67,27.00
7.47,-20.52,27.00
9.20,-19.73,27.00
10.55,-18.28,27.00
12.69,-18.12,27.00
13.90,-16.57,27.00
15.01,-15.01,27.00
16.96,-14.23,27.00
17.95,-12.57,27.00
18.33,-10.58,27.00
20.28,-9.46,27.00
20.61,-7.50,27.00
20.92,-5.61,27.00
21.96,-3.87,27.00
21.65,-1.89,27.00
20.99,0.00,28.00
20.66,1.81,28.00
20.91,3.69,28.00
20.47,5.48,28.00
19.74,7.18,28.00
18.75,8.74,28.00
18.23,10.53,28.00
17.18,12.03,28.00
15.68,13.16,28.00
14.43,14.43,28.00
13.64,16.26,28.00
11.45,16.35,28.00
10.54,18.26,28.00
8.79,18.86,28.00
7.36,20.23,28.00
5.38,20.09,28.00
3.69,20.94,28.00
1.82,20.76,28.00
0.00,21.05,28.00
-1.86,21.21,28.00
-3.61,20.50,28.00
-5.54,20.67,28.00
-7.05,19.36,28.00
-8.92,19.14,28.00
-10.68,18.51,28.00
-12.20,17.42,28.00
-13.99,16.67,28.00
-14.63,14.63,28.00
-15.66,13.14,28.00
-16.88,11.82,28.00
-18.42,10.63,28.00
-19.21,8.96,28.00
-19.77,7.20,28.00
-19.85,5.32,28.00
-20.98,3.70,28.00
-20.43,1.79,28.00
-21.46,0.00,28.00
-22.06,-1.93,28.00
-20.83,-3.67,28.00
-20.51,-5.50,28.00
-19.55,-7.11,28.00
-18.38,-8.57,28.00
-17.98,-10.38,28.00
-16.84,-11.79,28.00
-15.64,-13.13,28.00
-15.34,-15.34,28.00
-13.57,-16.17,28.00
-12.13,-17.33,28.00
-10.44,-18.08,28.00
-8.85,-18.97,28.00
-7.31,-20.10,28.00
-5.43,-20.27,28.00
-3.68,-20.89,28.00
-1.82,-20.84,28.00
-0.00,-20.86,28.00
1.78,-20.36,28.00
3.51,-19.90,28.00
5.41,-20.18,28.00
7.19,-19.75,28.00
8.66,-18.57,28.00
10.49,-18.17,28.00
12.06,-17.22,28.00
12.94,-15.43,28.00
14.59,-14.59,28.00
16.21,-13.60,28.00
17.33,-12.13,28.00
17.79,-10.27,28.00
19.09,-8.90,28.00
20.12,-7.32,28.00
20.58,-5.52,28.00
20.64,-3.64,28.00
20.73,-1.81,28.00
19.75,0.00,29.00
20.11,1.76,29.00
19.77,3.49,29.00
19.56,5.24,29.00
18.84,6.86,29.00
18.42,8.59,29.00
17.35,10.02,29.00
16.64,11.65,29.00
15.59,13.08,29.00
13.91,13.91,29.00
12.39,14.77,29.00
11.83,16.89,29.00
10.05,17.41,29.00
8.16,17.50,29.00
6.74,18.53,29.00
5.26,19.62,29.00
3.45,19.59,29.00
1.73,19.72,29.00
0.00,20.56,29.00
-1.71,19.51,29.00
-3.42,19.38,29.00
-5.20,19.40,29.00
-6.89,18.94,29.00
-8.54,18.31,29.00
-10.18,17.64,29.00
-11.52,16.45,29.00
-12.98,15.47,29.00
-14.07,14.07,29.00
-15.34,12.87,29.00
-16.42,11.50,29.00
-17.40,10.04,29.00
-18.41,8.58,29.00
-19.00,6.92,29.00
-19.34,5.18,29.00
-19.38,3.42,29.00
-19.95,1.75,29.00
-19.99,0.00,29.00
-20.00,-1.75,29.00
-20.57,-3.63,29.00
-19.12,-5.12,29.00
-18.95,-6.90,29.00
-18.51,-8.63,29.00
-17.35,-10.02,29.00
-17.15,-12.01,29.00
-15.21,-12.76,29.00
-14.23,-14.23,29.00
-12.65,-15.08,29.00
-11.39,-16.27,29.00
-10.05,-17.41,29.00
-8.60,-18.43,29.00
-6.88,-18.91,29.00
-5.31,-19.81,29.00
-3.47,-19.66,29.00
-1.73,-19.79,29.00
-0.00,-21.08,29.00
1.76,-20.08,29.00
3.42,-19.41,29.00
5.10,-19.05,29.00
6.71,-18.44,29.00
8.61,-18.47,29.00
9.93,-17.19,29.00
11.50,-16.42,29.00
12.84,-15.30,29.00
14.35,-14.35,29.00
15.06,-12.64,29.00
16.03,-11.22,29.00
17.40,-10.04,29.00
18.34,-8.55,29.00
18.92,-6.89,29.00
19.01,-5.09,29.00
19.96,-3.52,29.00
19.63,-1.72,29.00
18.79,0.00,30.00
18.55,1.62,30.00
19.22,3.39,30.00
18.60,4.98,30.00
18.08,6.58,30.00
17.67,8.24,30.00
17.43,10.06,30.00
15.00,10.51,30.00
14.33,12.02,30.00
13.26,13.26,30.00
11.99,14.29,30.00
10.65,15.21,30.00
9.44,16.35,30.00
7.82,16.78,30.00
6.54,17.98,30.00
4.92,18.37,30.00
3.33,18.90,30.00
1.67,19.13,30.00
0.00,19.24,30.00
-1.64,18.78,30.00
-3.45,19.55,30.00
-4.94,18.44,30.00
-6.24,17.15,30.00
-7.86,16.86,30.00
-9.15,15.85,30.00
-10.90,15.57,30.00
-12.18,14.52,30.00
-13.30,13.30,30.00
-15.17,12.73,30.00
-15.74,11.02,30.00
-16.71,9.65,30.00
-16.88,7.87,30.00
-17.48,6.36,30.00
-18.37,4.92,30.00
-18.78,3.31,30.00
-18.19,1.59,30.00
-18.93,0.00,30.00
-18.93,-1.66,30.00
-18.63,-3.28,30.00
-18.04,-4.83,30.00
-17.65,-6.42,30.00
-17.16,-8.00,30.00
-16.49,-9.52,30.00
-15.76,-11.04,30.00
-14.89,-12.49,30.00
-13.35,-13.35,30.00
-12.10,-14.42,30.00
-11.00,-15.71,30.00
-9.62,-16.67,30.00
-7.96,-17.06,30.00
-6.61,-18.15,30.00
-5.02,-18.73,30.00
-3.39,-19.22,30.00
-1.72,-19.64,30.00
-0.00,-18.65,30.00
1.66,-18.93,30.00
3.30,-18.72,30.00
4.91,-18.31,30.00
6.41,-17.61,30.00
7.78,-16.68,30.00
9.52,-16.49,30.00
10.72,-15.31,30.00
12.24,-14.58,30.00
13.21,-13.21,30.00
14.22,-11.93,30.00
15.64,-10.95,30.00
16.51,-9.53,30.00
17.43,-8.13,30.00
18.68,-6.80,30.00
18.46,-4.95,30.00
18.90,-3.33,30.00
18.50,-1.62,30.00
17.49,0.00,31.00
18.56,1.62,31.00
17.36,3.06,31.00
16.98,4.55,31.00
16.90,6.15,31.00
16.28,7.59,31.00
15.28,8.82,31.00
14.64,10.25,31.00
14.17,11.89,31.00
12.50,12.50,31.00
11.21,13.36,31.00
10.54,15.05,31.00
9.10,15.76,31.00
7.50,16.09,31.00
5.94,16.32,31.00
4.58,17.10,31.00
3.12,17.70,31.00
1.61,18.40,31.00
0.00,17.59,31.00
-1.57,17.90,31.00
-3.17,17.99,31.00
-4.41,16.47,31.00
-6.30,17.30,31.00
-7.41,15.88,31.00
-9.07,15.70,31.00
-10.38,14.83,31.00
-11.85,14.12,31.00
-12.88,12.88,31.00
-13.06,10.96,31.00
-14.49,10.14,31.00
-15.64,9.03,31.00
-16.24,7.57,31.00
-17.09,6.22,31.00
-17.69,4.74,31.00
-17.97,3.17,31.00
-17.85,1.56,31.00
-17.26,0.00,31.00
-17.75,-1.55,31.00
-17.89,-3.15,31.00
-16.97,-4.55,31.00
-17.15,-6.24,31.00
-16.64,-7.76,31.00
-15.63,-9.03,31.00
-13.74,-9.62,31.00
-13.40,-11.24,31.00
-13.26,-13.26,31.00
-11.43,-13.62,31.00
-9.87,-14.09,31.00
-9.25,-16.02,31.00
-7.61,-16.32,31.00
-6.31,-17.33,31.00
-4.69,-17.49,31.00
-3.16,-17.91,31.00
-1.58,-18.08,31.00
-0.00,-18.28,31.00
1.65,-18.84,31.00
3.19,-18.11,31.00
4.50,-16.78,31.00
6.22,-17.08,31.00
7.80,-16.73,31.00
9.24,-16.01,31.00
10.23,-14.60,31.00
11.87,-14.15,31.00
12.99,-12.99,31.00
14.58,-12.23,31.00
14.50,-10.15,31.00
15.41,-8.90,31.00
16.20,-7.56,31.00
16.73,-6.09,31.00
17.04,-4.57,31.00
16.64,-2.93,31.00
17.76,-1.55,31.00
17.15,0.00,32.00
16.74,1.46,32.00
17.50,3.09,32.00
16.43,4.40,32.00
16.46,5.99,32.00
15.50,7.23,32.00
15.01,8.67,32.00
14.02,9.81,32.00
13.44,11.28,32.00
12.04,12.04,32.00
11.05,13.17,32.00
9.83,14.05,32.00
8.44,14.62,32.00
7.25,15.55,32.00
6.12,16.81,32.00
4.37,16.32,32.00
2.98,16.91,32.00
1.53,17.44,32.00
0.00,17.46,32.00
-1.48,16.94,32.00
-2.79,15.80,32.00
-4.45,16.62,32.00
-5.51,15.14,32.00
-7.43,15.94,32.00
-8.53,14.78,32.00
-9.98,14.25,32.00
-10.70,12.75,32.00
-11.58,11.58,32.00
-13.10,10.99,32.00
-13.91,9.74,32.00
-14.55,8.40,32.00
-15.44,7.20,32.00
-17.01,6.19,32.00
-16.74,4.49,32.00
-17.16,3.02,32.00
-17.27,1.51,32.00
-17.59,0.00,32.00
-16.86,-1.48,32.00
-15.93,-2.81,32.00
-16.35,-4.38,32.00
-16.28,-5.93,32.00
-15.06,-7.02,32.00
-14.66,-8.46,32.00
-13.70,-9.59,32.00
-13.48,-11.31,32.00
-12.23,-12.23,32.00
-11.09,-13.22,32.00
-9.89,-14.13,32.00
-8.49,-14.71,32.00
-7.22,-15.48,32.00
-5.65,-15.53,32.00
-4.17,-15.58,32.00
-2.96,-16.80,32.00
-1.49,-17.06,32.00
-0.00,-17.48,32.00
1.54,-17.56,32.00
3.06,-17.36,32.00
4.30,-16.04,32.00
5.77,-15.84,32.00
7.27,-15.58,32.00
9.01,-15.60,32.00
10.09,-14.41,32.00
11.22,-13.37,32.00
11.91,-11.91,32.00
12.75,-10.70,32.00
14.18,-9.93,32.00
14.34,-8.28,32.00
15.32,-7.14,32.00
15.93,-5.80,32.00
17.04,-4.56,32.00
16.60,-2.93,32.00
15.96,-1.40,32.00
16.20,0.00,33.00
15.66,1.37,33.00
15.77,2.78,33.00
15.42,4.13,33.00
14.93,5.43,33.00
14.79,6.90,33.00
13.33,7.69,33.00
12.94,9.06,33.00
12.47,10.46,33.00
11.14,11.14,33.00
9.87,11.76,33.00
9.33,13.33,33.00
8.22,14.25,33.00
6.75,14.48,33.00
5.20,14.30,33.00
4.21,15.73,33.00
2.66,15.10,33.00
1.41,16.06,33.00
0.00,15.65,33.00
-1.35,15.48,33.00
-2.75,15.58,33.00
-4.12,15.38,33.00
-5.38,14.79,33.00
-6.86,14.71,33.00
-7.91,13.70,33.00
-9.40,13.43,33.00
-10.36,12.34,33.00
-11.12,11.12,33.00
-11.99,10.06,33.00
-12.57,8.80,33.00
-13.96,8.06,33.00
-14.37,6.70,33.00
-14.14,5.15,33.00
-15.25,4.09,33.00
-15.40,2.72,33.00
-16.57,1.45,33.00
-15.32,0.00,33.00
-15.36,-1.34,33.00
-16.19,-2.86,33.00
-15.98,-4.28,33.00
-14.76,-5.37,33.00
-14.27,-6.66,33.00
-14.07,-8.12,33.00
-12.34,-8.64,33.00
-11.69,-9.81,33.00
-11.23,-11.23,33.00
-10.68,-12.73,33.00
-9.08,-12.96,33.00
-8.02,-13.89,33.00
-6.95,-14.91,33.00
-5.76,-15.83,33.00
-4.08,-15.23,33.00
-2.78,-15.75,33.00
-1.46,-16.67,33.00
-0.00,-15.39,33.00
1.43,-16.35,33.00
2.71,-15.36,33.00
4.15,-15.49,33.00
5.44,-14.94,33.00
6.60,-14.15,33.00
7.80,-13.52,33.00
9.24,-13.20,33.00
10.54,-12.56,33.00
11.28,-11.28,33.00
12.28,-10.30,33.00
13.29,-9.31,33.00
13.52,-7.81,33.00
14.77,-6.89,33.00
15.34,-5.58,33.00
16.46,-4.41,33.00
15.61,-2.75,33.00
15.76,-1.38,33.00
15.31,0.00,34.00
15.27,1.34,34.00
14.56,2.57,34.00
14.33,3.84,34.00
14.30,5.20,34.00
13.29,6.20,34.00
12.85,7.42,34.00
12.32,8.62,34.00
11.80,9.90,34.00
10.44,10.44,34.00
9.17,10.93,34.00
8.16,11.66,34.00
7.25,12.55,34.00
6.12,13.12,34.00
5.11,14.04,34.00
3.76,14.03,34.00
2.56,14.50,34.00
1.28,14.63,34.00
0.00,14.82,34.00
-1.35,15.47,34.00
-2.65,15.03,34.00
-3.88,14.50,34.00
-5.07,13.92,34.00
-6.27,13.44,34.00
-7.57,13.10,34.00
-8.74,12.48,34.00
-9.41,11.21,34.00
-10.62,10.62,34.00
-10.87,9.12,34.00
-12.36,8.65,34.00
-13.25,7.65,34.00
-13.49,6.29,34.00
-14.78,5.38,34.00
-14.15,3.79,34.00
-14.86,2.62,34.00
-14.93,1.31,34.00
-14.96,0.00,34.00
-14.90,-1.30,34.00
-14.81,-2.61,34.00
-14.82,-3.97,34.00
-14.61,-5.32,34.00
-13.59,-6.34,34.00
-13.27,-7.66,34.00
-12.06,-8.44,34.00
-11.73,-9.84,34.00
-10.39,-10.39,34.00
-9.92,-11.82,34.00
-9.11,-13.01,34.00
-7.48,-12.95,34.00
-5.97,-12.80,34.00
-5.06,-13.89,34.00
-4.01,-14.96,34.00
-2.64,-14.99,34.00
-1.32,-15.04,34.00
-0.00,-15.40,34.00
1.32,-15.14,34.00
2.69,-15.25,34.00
3.98,-14.84,34.00
5.34,-14.67,34.00
6.40,-13.72,34.00
7.68,-13.30,34.00
8.53,-12.19,34.00
9.49,-11.31,34.00
11.09,-11.09,34.00
11.56,-9.70,34.00
12.55,-8.79,34.00
13.03,-7.52,34.00
13.38,-6.24,34.00
14.10,-5.13,34.00
15.04,-4.03,34.00
14.99,-2.64,34.00
14.26,-1.25,34.00
13.91,0.00,35.00
14.66,1.28,35.00
13.70,2.42,35.00
12.83,3.44,35.00
13.87,5.05,35.00
12.94,6.03,35.00
12.10,6.99,35.00
11.35,7.94,35.00
11.06,9.28,35.00
9.75,9.75,35.00
9.29,11.08,35.00
8.15,11.65,35.00
7.05,12.21,35.00
5.94,12.74,35.00
4.76,13.09,35.00
3.73,13.93,35.00
2.37,13.45,35.00
1.16,13.30,35.00
0.00,14.25,35.00
-1.24,14.20,35.00
-2.46,13.98,35.00
-3.67,13.68,35.00
-4.74,13.04,35.00
-6.05,12.97,35.00
-6.99,12.11,35.00
-7.92,11.31,35.00
-8.92,10.63,35.00
-10.47,10.47,35.00
-10.19,8.55,35.00
-11.63,8.14,35.00
-11.54,6.66,35.00
-12.65,5.90,35.00
-12.99,4.73,35.00
-12.72,3.41,35.00
-13.94,2.46,35.00
-13.80,1.21,35.00
-13.16,0.00,35.00
-14.28,-1.25,35.00
-14.35,-2.53,35.00
-14.10,-3.78,35.00
-13.29,-4.84,35.00
-12.71,-5.92,35.00
-12.58,-7.27,35.00
-12.02,-8.42,35.00
-11.07,-9.29,35.00
-9.63,-9.63,35.00
-9.05,-10.79,35.00
-8.13,-11.61,35.00
-6.64,-11.50,35.00
-6.00,-12.86,35.00
-5.10,-14.01,35.00
-3.69,-13.77,35.00
-2.53,-14.37,35.00
-1.23,-14.02,35.00
-0.00,-13.97,35.00
1.23,-14.10,35.00
2.37,-13.47,35.00
3.52,-13.15,35.00
4.96,-13.63,35.00
6.15,-13.19,35.00
6.80,-11.78,35.00
8.25,-11.79,35.00
8.98,-10.70,35.00
10.00,-10.00,35.00
10.87,-9.12,35.00
11.79,-8.26,35.00
12.15,-7.02,35.00
13.20,-6.16,35.00
13.27,-4.83,35.00
13.76,-3.69,35.00
13.46,-2.37,35.00
14.81,-1.30,35.00
15.04,0.00,36.00
15.01,1.31,36.00
13.71,2.42,36.00
13.43,3.60,36.00
13.44,4.89,36.00
12.17,5.67,36.00
10.60,6.12,36.00
10.99,7.69,36.00
9.79,8.22,36.00
9.59,9.59,36.00
8.33,9.93,36.00
7.50,10.72,36.00
6.74,11.67,36.00
5.34,11.46,36.00
4.31,11.84,36.00
3.34,12.48,36.00
2.31,13.13,36.00
1.09,12.42,36.00
0.00,12.33,36.00
-1.16,13.28,36.00
-2.22,12.56,36.00
-3.32,12.41,36.00
-4.19,11.52,36.00
-5.38,11.54,36.00
-6.50,11.26,36.00
-7.67,10.95,36.00
-8.16,9.72,36.00
-9.66,9.66,36.00
-9.75,8.18,36.00
-10.43,7.30,36.00
-11.79,6.81,36.00
-11.86,5.53,36.00
-12.01,4.37,36.00
-12.50,3.35,36.00
-13.34,2.35,36.00
-13.53,1.18,36.00
-12.67,0.00,36.00
-12.93,-1.13,36.00
-12.84,-2.26,36.00
-12.18,-3.26,36.00
-12.20,-4.44,36.00
-11.78,-5.49,36.00
-11.65,-6.73,36.00
-11.04,-7.73,36.00
-9.86,-8.27,36.00
-9.13,-9.13,36.00
-8.53,-10.16,36.00
-7.32,-10.46,36.00
-6.62,-11.46,36.00
-5.48,-11.75,36.00
-4.31,-11.85,36.00
-3.27,-12.19,36.00
-2.36,-13.37,36.00
-1.13,-12.89,36.00
-0.00,-13.66,36.00
1.12,-12.75,36.00
2.28,-12.92,36.00
3.61,-13.48,36.00
4.30,-11.82,36.00
5.17,-11.09,36.00
6.76,-11.70,36.00
7.27,-10.38,36.00
8.35,-9.95,36.00
9.03,-9.03,36.00
10.04,-8.43,36.00
10.34,-7.24,36.00
11.20,-6.46,36.00
12.23,-5.70,36.00
12.59,-4.58,36.00
13.48,-3.61,36.00
14.21,-2.51,36.00
14.15,-1.24,36.00
18.73,0.00,37.00
18.67,1.63,37.00
17.64,3.11,37.00
16.41,4.40,37.00
14.88,5.42,37.00
12.82,5.98,37.00
11.93,6.89,37.00
11.53,8.07,37.00
10.20,8.56,37.00
9.68,9.68,37.00
8.62,10.27,37.00
7.83,11.18,37.00
7.06,12.23,37.00
5.79,12.42,37.00
4.37,12.02,37.00
3.54,13.22,37.00
2.43,13.78,37.00
1.17,13.36,37.00
0.00,13.90,37.00
-1.15,13.17,37.00
-2.24,12.71,37.00
-3.51,13.09,37.00
-4.38,12.03,37.00
-5.66,12.15,37.00
-7.01,12.14,37.00
-7.31,10.43,37.00
-8.35,9.95,37.00
-9.25,9.25,37.00
-10.32,8.66,37.00
-10.94,7.66,37.00
-12.18,7.03,37.00
-12.58,5.87,37.00
-12.87,4.69,37.00
-13.10,3.51,37.00
-13.45,2.37,37.00
-13.11,1.15,37.00
-13.84,0.00,37.00
-13.01,-1.14,37.00
-13.62,-2.40,37.00
-13.50,-3.62,37.00
-12.77,-4.65,37.00
-12.17,-5.68,37.00
-11.83,-6.83,37.00
-10.12,-7.09,37.00
-10.43,-8.76,37.00
-9.51,-9.51,37.00
-8.66,-10.33,37.00
-7.91,-11.29,37.00
-6.74,-11.67,37.00
-5.51,-11.82,37.00
-4.60,-12.63,37.00
-3.50,-13.07,37.00
-2.35,-13.34,37.00
-1.18,-13.51,37.00
-0.00,-13.92,37.00
1.14,-13.02,37.00
2.36,-13.36,37.00
3.63,-13.54,37.00
4.38,-12.03,37.00
5.74,-12.30,37.00
6.63,-11.49,37.00
7.66,-10.94,37.00
8.44,-10.06,37.00
9.50,-9.50,37.00
10.91,-9.15,37.00
10.64,-7.45,37.00
11.29,-6.52,37.00
12.58,-5.87,37.00
15.54,-5.65,37.00
16.34,-4.38,37.00
17.79,-3.14,37.00
18.46,-1.61,37.00
22.14,0.00,38.00
22.00,1.92,38.00
21.85,3.85,38.00
19.54,5.24,38.00
16.31,5.93,38.00
14.22,6.63,38.00
11.84,6.83,38.00
10.89,7.62,38.00
11.04,9.26,38.00
10.23,10.23,38.00
9.27,11.05,38.00
7.92,11.31,38.00
6.97,12.07,38.00
6.04,12.96,38.00
4.84,13.30,38.00
3.58,13.37,38.00
2.32,13.15,38.00
1.22,13.99,38.00
0.00,14.43,38.00
-1.18,13.47,38.00
-2.48,14.04,38.00
-3.66,13.65,38.00
-4.89,13.44,38.00
-6.06,13.00,38.00
-6.86,11.88,38.00
-7.66,10.94,38.00
-8.86,10.56,38.00
-10.15,10.15,38.00
-10.56,8.86,38.00
-11.24,7.87,38.00
-11.49,6.64,38.00
-13.32,6.21,38.00
-13.47,4.90,38.00
-13.82,3.70,38.00
-14.17,2.50,38.00
-14.18,1.24,38.00
-13.90,0.00,38.00
-13.88,-1.21,38.00
-13.62,-2.40,38.00
-14.54,-3.90,38.00
-13.36,-4.86,38.00
-12.52,-5.84,38.00
-12.29,-7.09,38.00
-11.14,-7.80,38.00
-11.19,-9.39,38.00
-9.71,-9.71,38.00
-9.13,-10.88,38.00
-8.27,-11.82,38.00
-7.08,-12.26,38.00
-5.93,-12.72,38.00
-4.79,-13.16,38.00
-3.62,-13.50,38.00
-2.39,-13.56,38.00
-1.20,-13.77,38.00
-0.00,-14.59,38.00
1.22,-13.90,38.00
2.38,-13.48,38.00
3.57,-13.32,38.00
4.94,-13.57,38.00
6.03,-12.93,38.00
7.11,-12.32,38.00
7.97,-11.38,38.00
9.15,-10.90,38.00
9.72,-9.72,38.00
10.65,-8.93,38.00
11.79,-8.25,38.00
12.43,-7.17,38.00
13.62,-6.35,38.00
16.31,-5.93,38.00
19.04,-5.10,38.00
21.57,-3.80,38.00
21.33,-1.87,38.00
25.55,0.00,39.00
24.37,2.13,39.00
23.15,4.08,39.00
20.90,5.60,39.00
17.93,6.52,39.00
14.61,6.81,39.00
12.56,7.25,39.00
11.70,8.19,39.00
10.66,8.94,39.00
10.47,10.47,39.00
9.51,11.34,39.00
8.51,12.15,39.00
6.94,12.02,39.00
6.18,13.25,39.00
5.05,13.88,39.00
3.65,13.61,39.00
2.52,14.28,39.00
1.26,14.40,39.00
0.00,15.24,39.00
-1.33,15.21,39.00
-2.40,13.62,39.00
-4.01,14.97,39.00
-4.83,13.28,39.00
-6.29,13.50,39.00
-7.44,12.89,39.00
-8.09,11.55,39.00
-9.45,11.26,39.00
-10.22,10.22,39.00
-11.28,9.46,39.00
-11.95,8.37,39.00
-12.97,7.49,39.00
-13.17,6.14,39.00
-13.56,4.94,39.00
-14.43,3.87,39.00
-14.51,2.56,39.00
-14.74,1.29,39.00
-14.23,0.00,39.00
-14.03,-1.23,39.00
-14.06,-2.48,39.00
-13.77,-3.69,39.00
-13.92,-5.07,39.00
-13.50,-6.29,39.00
-12.50,-7.22,39.00
-12.35,-8.65,39.00
-11.53,-9.67,39.00
-10.32,-10.32,39.00
-9.11,-10.86,39.00
-8.68,-12.39,39.00
-7.24,-12.54,39.00
-6.15,-13.19,39.00
-4.91,-13.50,39.00
-3.66,-13.66,39.00
-2.42,-13.70,39.00
-1.29,-14.70,39.00
-0.00,-14.19,39.00
1.37,-15.66,39.00
2.44,-13.85,39.00
3.62,-13.52,39.00
5.03,-13.82,39.00
6.39,-13.70,39.00
7.26,-12.58,39.00
8.45,-12.07,39.00
8.85,-10.54,39.00
10.06,-10.06,39.00
10.78,-9.04,39.00
11.26,-7.88,39.00
12.60,-7.27,39.00
13.99,-6.52,39.00
17.59,-6.40,39.00
20.84,-5.58,39.00
23.07,-4.07,39.00
25.07,-2.19,39.00
27.60,0.00,40.00
27.24,2.38,40.00
25.47,4.49,40.00
22.96,6.15,40.00
19.18,6.98,40.00
15.60,7.27,40.00
13.17,7.60,40.00
12.33,8.64,40.00
11.37,9.54,40.00
10.51,10.51,40.00
9.43,11.24,40.00
8.70,12.43,40.00
7.48,12.96,40.00
6.23,13.35,40.00
5.04,13.85,40.00
3.76,14.02,40.00
2.67,15.16,40.00
1.31,14.97,40.00
0.00,14.65,40.00
-1.34,15.27,40.00
-2.57,14.55,40.00
-3.74,13.95,40.00
-5.27,14.48,40.00
-6.25,13.40,40.00
-7.42,12.85,40.00
-8.61,12.30,40.00
-9.94,11.84,40.00
-10.61,10.61,40.00
-11.12,9.33,40.00
-12.47,8.73,40.00
-12.82,7.40,40.00
-14.28,6.66,40.00
-14.09,5.13,40.00
-13.63,3.65,40.00
-14.91,2.63,40.00
-15.72,1.38,40.00
-15.63,0.00,40.00
-15.67,-1.37,40.00
-14.37,-2.53,40.00
-14.84,-3.98,40.00
-13.82,-5.03,40.00
-13.68,-6.38,40.00
-12.55,-7.25,40.00
-12.08,-8.46,40.00
-11.28,-9.47,40.00
-10.86,-10.86,40.00
-9.85,-11.74,40.00
-8.67,-12.38,40.00
-7.23,-12.52,40.00
-6.29,-13.48,40.00
-5.03,-13.81,40.00
-3.97,-14.82,40.00
-2.69,-15.24,40.00
-1.34,-15.36,40.00
-0.00,-14.70,40.00
1.21,-13.85,40.00
2.48,-14.08,40.00
4.03,-15.04,40.00
5.08,-13.94,40.00
6.21,-13.32,40.00
7.83,-13.56,40.00
8.89,-12.70,40.00
9.65,-11.50,40.00
10.52,-10.52,40.00
11.45,-9.61,40.00
12.36,-8.66,40.00
13.54,-7.82,40.00
15.64,-7.29,40.00
19.45,-7.08,40.00
22.97,-6.15,40.00
24.71,-4.36,40.00
27.18,-2.38,40.00
28.88,0.00,41.00
27.38,2.40,41.00
25.76,4.54,41.00
23.43,6.28,41.00
20.54,7.47,41.00
16.52,7.70,41.00
13.92,8.04,41.00
13.75,9.62,41.00
11.87,9.96,41.00
11.31,11.31,41.00
10.36,12.35,41.00
9.01,12.87,41.00
8.01,13.87,41.00
6.49,13.92,41.00
5.67,15.57,41.00
4.07,15.19,41.00
2.92,16.56,41.00
1.39,15.93,41.00
0.00,16.41,41.00
-1.39,15.92,41.00
-2.78,15.74,41.00
-4.08,15.23,41.00
-5.49,15.08,41.00
-6.82,14.62,41.00
-7.84,13.58,41.00
-9.15,13.07,41.00
-10.13,12.07,41.00
-11.96,11.96,41.00
-12.23,10.26,41.00
-13.61,9.53,41.00
-13.79,7.96,41.00
-14.59,6.81,41.00
-14.54,5.29,41.00
-15.28,4.09,41.00
-15.84,2.79,41.00
-16.57,1.45,41.00
-16.09,0.00,41.00
-16.49,-1.44,41.00
-16.01,-2.82,41.00
-16.08,-4.31,41.00
-15.01,-5.46,41.00
-15.37,-7.17,41.00
-13.69,-7.90,41.00
-12.86,-9.00,41.00
-11.89,-9.97,41.00
-11.97,-11.97,41.00
-10.50,-12.51,41.00
-9.10,-13.00,41.00
-8.25,-14.29,41.00
-6.88,-14.75,41.00
-5.74,-15.77,41.00
-3.98,-14.86,41.00
-2.76,-15.65,41.00
-1.38,-15.75,41.00
-0.00,-15.21,41.00
1.43,-16.36,41.00
2.76,-15.65,41.00
4.22,-15.74,41.00
5.80,-15.92,41.00
6.70,-14.37,41.00
7.92,-13.71,41.00
9.20,-13.15,41.00
10.54,-12.56,41.00
11.15,-11.15,41.00
12.06,-10.12,41.00
13.45,-9.42,41.00
13.99,-8.08,41.00
15.73,-7.34,41.00
19.87,-7.23,41.00
24.40,-6.54,41.00
26.76,-4.72,41.00
28.08,-2.46,41.00
29.41,0.00,42.00
28.88,2.53,42.00
27.43,4.84,42.00
23.92,6.41,42.00
20.74,7.55,42.00
17.40,8.11,42.00
14.69,8.48,42.00
14.11,9.88,42.00
12.65,10.61,42.00
12.12,12.12,42.00
11.21,13.36,42.00
9.86,14.09,42.00
8.53,14.77,42.00
7.17,15.37,42.00
5.70,15.66,42.00
4.39,16.39,42.00
3.04,17.24,42.00
1.48,16.89,42.00
0.00,16.64,42.00
-1.46,16.74,42.00
-2.97,16.82,42.00
-4.36,16.28,42.00
-5.88,16.16,42.00
-7.27,15.60,42.00
-8.68,15.03,42.00
-10.08,14.39,42.00
-11.18,13.33,42.00
-11.76,11.76,42.00
-12.75,10.70,42.00
-13.90,9.73,42.00
-14.57,8.41,42.00
-14.99,6.99,42.00
-15.81,5.75,42.00
-16.24,4.35,42.00
-16.48,2.91,42.00
-16.81,1.47,42.00
-17.47,0.00,42.00
-17.01,-1.49,42.00
-17.72,-3.12,42.00
-16.49,-4.42,42.00
-15.87,-5.77,42.00
-15.41,-7.19,42.00
-14.81,-8.55,42.00
-14.07,-9.85,42.00
-13.66,-11.46,42.00
-11.78,-11.78,42.00
-11.15,-13.29,42.00
-9.80,-13.99,42.00
-8.19,-14.18,42.00
-7.31,-15.69,42.00
-5.99,-16.45,42.00
-4.31,-16.09,42.00
-2.95,-16.74,42.00
-1.42,-16.25,42.00
-0.00,-16.50,42.00
1.52,-17.35,42.00
2.92,-16.56,42.00
4.29,-15.99,42.00
5.85,-16.06,42.00
7.10,-15.22,42.00
8.41,-14.56,42.00
9.92,-14.17,42.00
10.63,-12.67,42.00
11.76,-11.76,42.00
13.07,-10.97,42.00
14.24,-9.97,42.00
15.15,-8.75,42.00
17.06,-7.96,42.00
21.41,-7.79,42.00
24.15,-6.47,42.00
27.86,-4.91,42.00
28.42,-2.49,42.00
29.47,0.00,43.00
28.14,2.46,43.00
27.64,4.87,43.00
24.65,6.61,43.00
20.99,7.64,43.00
17.78,8.29,43.00
15.86,9.16,43.00
15.09,10.57,43.00
13.77,11.55,43.00
12.74,12.74,43.00
11.77,14.02,43.00
10.35,14.79,43.00
8.74,15.14,43.00
7.47,16.02,43.00
6.19,17.00,43.00
4.78,17.86,43.00
3.24,18.36,43.00
1.60,18.24,43.00
0.00,18.11,43.00
-1.59,18.23,43.00
-3.08,17.46,43.00
-4.64,17.33,43.00
-6.04,16.60,43.00
-7.40,15.86,43.00
-9.07,15.70,43.00
-10.37,14.81,43.00
-11.75,14.00,43.00
-12.88,12.88,43.00
-13.86,11.63,43.00
-14.93,10.45,43.00
-15.57,8.99,43.00
-16.46,7.68,43.00
-16.64,6.06,43.00
-17.53,4.70,43.00
-17.99,3.17,43.00
-17.66,1.55,43.00
-18.02,0.00,43.00
-17.68,-1.55,43.00
-17.52,-3.09,43.00
-16.95,-4.54,43.00
-17.39,-6.33,43.00
-16.70,-7.79,43.00
-15.77,-9.11,43.00
-15.39,-10.78,43.00
-13.73,-11.52,43.00
-13.59,-13.59,43.00
-11.51,-13.72,43.00
-10.38,-14.83,43.00
-8.92,-15.45,43.00
-7.67,-16.45,43.00
-6.27,-17.23,43.00
-4.65,-17.34,43.00
-3.25,-18.43,43.00
-1.58,-18.03,43.00
-0.00,-18.11,43.00
1.54,-17.57,43.00
3.15,-17.89,43.00
4.64,-17.33,43.00
6.07,-16.69,43.00
7.48,-16.03,43.00
9.53,-16.51,43.00
10.26,-14.66,43.00
11.20,-13.34,43.00
12.53,-12.53,43.00
13.77,-11.56,43.00
14.92,-10.45,43.00
15.78,-9.11,43.00
18.22,-8.50,43.00
21.13,-7.69,43.00
24.56,-6.58,43.00
26.50,-4.67,43.00
28.15,-2.46,43.00
25.48,0.00,44.00
24.94,2.18,44.00
24.59,4.34,44.00
22.49,6.03,44.00
20.13,7.33,44.00
17.02,7.93,44.00
15.28,8.82,44.00
13.62,9.54,44.00
13.54,11.36,44.00
12.31,12.31,44.00
11.30,13.47,44.00
10.03,14.32,44.00
8.47,14.67,44.00
7.07,15.17,44.00
5.83,16.02,44.00
4.54,16.96,44.00
3.06,17.34,44.00
1.46,16.72,44.00
0.00,16.94,44.00
-1.49,16.98,44.00
-2.99,16.93,44.00
-4.35,16.22,44.00
-5.73,15.75,44.00
-7.19,15.41,44.00
-8.68,15.04,44.00
-9.67,13.81,44.00
-11.11,13.24,44.00
-12.56,12.56,44.00
-12.88,10.81,44.00
-14.13,9.89,44.00
-15.37,8.87,44.00
-15.56,7.25,44.00
-16.07,5.85,44.00
-17.19,4.61,44.00
-16.95,2.99,44.00
-17.71,1.55,44.00
-17.50,0.00,44.00
-17.13,-1.50,44.00
-17.26,-3.04,44.00
-16.87,-4.52,44.00
-16.67,-6.07,44.00
-15.51,-7.23,44.00
-15.03,-8.67,44.00
-14.18,-9.93,44.00
-13.49,-11.32,44.00
-11.97,-11.97,44.00
-11.40,-13.59,44.00
-10.05,-14.35,44.00
-8.40,-14.55,44.00
-7.53,-16.15,44.00
-6.23,-17.13,44.00
-4.59,-17.13,44.00
-3.11,-17.63,44.00
-1.51,-17.30,44.00
-0.00,-16.67,44.00
1.45,-16.53,44.00
3.03,-17.17,44.00
4.42,-16.51,44.00
5.80,-15.94,44.00
7.31,-15.69,44.00
8.79,-15.22,44.00
9.61,-13.72,44.00
11.03,-13.14,44.00
12.68,-12.68,44.00
12.95,-10.87,44.00
14.48,-10.14,44.00
14.84,-8.57,44.00
17.20,-8.02,44.00
20.17,-7.34,44.00
22.51,-6.03,44.00
24.53,-4.32,44.00
24.96,-2.18,44.00
22.51,0.00,45.00
21.43,1.88,45.00
21.02,3.71,45.00
19.67,5.27,45.00
18.05,6.57,45.00
16.05,7.48,45.00
14.14,8.16,45.00
13.21,9.25,45.00
13.03,10.94,45.00
11.84,11.84,45.00
11.01,13.12,45.00
9.55,13.64,45.00
8.05,13.95,45.00
7.21,15.46,45.00
5.65,15.52,45.00
4.35,16.23,45.00
2.85,16.16,45.00
1.51,17.26,45.00
0.00,16.32,45.00
-1.44,16.47,45.00
-2.90,16.46,45.00
-4.20,15.68,45.00
-5.75,15.79,45.00
-7.32,15.69,45.00
-8.24,14.26,45.00
-9.65,13.78,45.00
-10.01,11.92,45.00
-11.77,11.77,45.00
-12.67,10.63,45.00
-13.38,9.37,45.00
-14.81,8.55,45.00
-14.99,6.99,45.00
-15.59,5.68,45.00
-15.95,4.27,45.00
-15.66,2.76,45.00
-16.15,1.41,45.00
-17.05,0.00,45.00
-15.76,-1.38,45.00
-16.11,-2.84,45.00
-15.94,-4.27,45.00
-16.32,-5.94,45.00
-15.38,-7.17,45.00
-14.24,-8.22,45.00
-14.08,-9.86,45.00
-12.54,-10.52,45.00
-12.07,-12.07,45.00
-10.36,-12.35,45.00
-9.81,-14.00,45.00
-8.25,-14.29,45.00
-6.87,-14.73,45.00
-5.67,-15.58,45.00
-4.34,-16.21,45.00
-2.86,-16.22,45.00
-1.47,-16.82,45.00
-0.00,-16.43,45.00
1.47,-16.85,45.00
2.92,-16.59,45.00
4.31,-16.08,45.00
5.64,-15.50,45.00
7.07,-15.16,45.00
8.44,-14.62,45.00
10.03,-14.33,45.00
10.95,-13.06,45.00
12.06,-12.06,45.00
13.71,-11.51,45.00
13.82,-9.68,45.00
14.60,-8.43,45.00
16.18,-7.54,45.00
17.48,-6.36,45.00
19.40,-5.20,45.00
20.72,-3.65,45.00
22.03,-1.93,45.00
17.78,0.00,46.00
17.77,1.55,46.00
17.73,3.13,46.00
16.98,4.55,46.00
15.73,5.72,46.00
14.54,6.78,46.00
14.25,8.23,46.00
13.36,9.35,46.00
11.76,9.87,46.00
11.23,11.23,46.00
10.33,12.31,46.00
9.36,13.36,46.00
8.18,14.17,46.00
6.81,14.60,46.00
5.55,15.26,46.00
4.15,15.48,46.00
2.73,15.49,46.00
1.39,15.84,46.00
0.00,16.01,46.00
-1.39,15.93,46.00
-2.65,15.01,46.00
-4.10,15.30,46.00
-5.48,15.06,46.00
-6.71,14.40,46.00
-7.95,13.77,46.00
-9.29,13.27,46.00
-10.01,11.93,46.00
-10.85,10.85,46.00
-12.15,10.20,46.00
-13.36,9.35,46.00
-14.44,8.34,46.00
-14.78,6.89,46.00
-14.48,5.27,46.00
-15.37,4.12,46.00
-15.86,2.80,46.00
-16.01,1.40,46.00
-16.22,0.00,46.00
-15.57,-1.36,46.00
-15.78,-2.78,46.00
-15.62,-4.18,46.00
-15.35,-5.59,46.00
-14.21,-6.63,46.00
-13.74,-7.93,46.00
-12.22,-8.56,46.00
-12.07,-10.12,46.00
-11.17,-11.17,46.00
-10.02,-11.94,46.00
-9.22,-13.16,46.00
-7.99,-13.84,46.00
-6.38,-13.68,46.00
-5.50,-15.12,46.00
-4.04,-15.10,46.00
-2.81,-15.95,46.00
-1.35,-15.43,46.00
-0.00,-16.01,46.00
1.38,-15.83,46.00
2.80,-15.88,46.00
4.15,-15.50,46.00
5.44,-14.94,46.00
6.50,-13.94,46.00
7.70,-13.34,46.00
9.04,-12.92,46.00
10.28,-12.25,46.00
11.14,-11.14,46.00
12.45,-10.45,46.00
13.01,-9.11,46.00
13.52,-7.81,46.00
14.68,-6.85,46.00
15.87,-5.78,46.00
16.77,-4.49,46.00
18.04,-3.18,46.00
17.44,-1.53,46.00
14.97,0.00,47.00
15.11,1.32,47.00
14.76,2.60,47.00
14.30,3.83,47.00
13.51,4.92,47.00
13.41,6.25,47.00
12.62,7.29,47.00
11.72,8.21,47.00
11.25,9.44,47.00
10.31,10.31,47.00
9.79,11.67,47.00
8.74,12.48,47.00
7.32,12.68,47.00
6.30,13.50,47.00
4.88,13.40,47.00
3.83,14.30,47.00
2.63,14.93,47.00
1.34,15.27,47.00
0.00,14.71,47.00
-1.34,15.36,47.00
-2.50,14.18,47.00
-3.75,14.01,47.00
-5.23,14.36,47.00
-6.62,14.20,47.00
-7.60,13.16,47.00
-8.59,12.27,47.00
-9.08,10.82,47.00
-10.03,10.03,47.00
-11.53,9.68,47.00
-12.17,8.52,47.00
-12.61,7.28,47.00
-13.62,6.35,47.00
-14.14,5.15,47.00
-14.85,3.98,47.00
-14.83,2.61,47.00
-15.43,1.35,47.00
-15.00,0.00,47.00
-14.90,-1.30,47.00
-15.19,-2.68,47.00
-14.11,-3.78,47.00
-15.15,-5.52,47.00
-13.73,-6.40,47.00
-13.12,-7.58,47.00
-12.46,-8.72,47.00
-12.07,-10.12,47.00
-10.83,-10.83,47.00
-9.23,-11.00,47.00
-8.93,-12.75,47.00
-7.43,-12.87,47.00
-6.36,-13.63,47.00
-4.96,-13.61,47.00
-3.94,-14.69,47.00
-2.56,-14.52,47.00
-1.31,-14.98,47.00
-0.00,-14.89,47.00
1.37,-15.71,47.00
2.74,-15.55,47.00
3.89,-14.51,47.00
5.14,-14.12,47.00
6.28,-13.46,47.00
7.72,-13.37,47.00
8.53,-12.18,47.00
9.53,-11.36,47.00
10.88,-10.88,47.00
11.33,-9.50,47.00
12.27,-8.59,47.00
12.44,-7.18,47.00
13.85,-6.46,47.00
14.82,-5.40,47.00
14.77,-3.96,47.00
15.35,-2.71,47.00
14.61,-1.28,47.00
14.09,0.00,48.00
13.57,1.19,48.00
13.70,2.42,48.00
13.82,3.70,48.00
13.19,4.80,48.00
12.18,5.68,48.00
11.67,6.74,48.00
11.02,7.71,48.00
10.88,9.13,48.00
10.48,10.48,48.00
9.35,11.14,48.00
7.60,10.85,48.00
7.28,12.62,48.00
6.07,13.03,48.00
4.58,12.57,48.00
3.59,13.41,48.00
2.51,14.22,48.00
1.24,14.17,48.00
0.00,13.48,48.00
-1.24,14.19,48.00
-2.28,12.95,48.00
-3.60,13.44,48.00
-4.94,13.58,48.00
-5.92,12.69,48.00
-6.90,11.95,48.00
-8.23,11.76,48.00
-9.25,11.02,48.00
-10.27,10.27,48.00
-10.99,9.22,48.00
-11.82,8.28,48.00
-12.38,7.15,48.00
-12.78,5.96,48.00
-13.19,4.80,48.00
-13.43,3.60,48.00
-13.31,2.35,48.00
-13.57,1.19,48.00
-13.89,0.00,48.00
-14.04,-1.23,48.00
-14.35,-2.53,48.00
-13.51,-3.62,48.00
-13.53,-4.93,48.00
-13.08,-6.10,48.00
-12.04,-6.95,48.00
-11.66,-8.17,48.00
-10.65,-8.94,48.00
-10.27,-10.27,48.00
-9.16,-10.92,48.00
-7.76,-11.08,48.00
-7.03,-12.18,48.00
-6.20,-13.29,48.00
-4.76,-13.09,48.00
-3.67,-13.70,48.00
-2.47,-14.00,48.00
-1.18,-13.53,48.00
-0.00,-14.20,48.00
1.17,-13.39,48.00
2.39,-13.54,48.00
3.73,-13.94,48.00
4.84,-13.29,48.00
5.87,-12.58,48.00
7.09,-12.28,48.00
8.02,-11.45,48.00
9.00,-10.73,48.00
10.09,-10.09,48.00
10.50,-8.81,48.00
11.48,-8.04,48.00
12.02,-6.94,48.00
12.11,-5.65,48.00
12.81,-4.66,48.00
14.13,-3.79,48.00
13.94,-2.46,48.00
13.42,-1.17,48.00
12.38,0.00,49.00
12.91,1.13,49.00
13.42,2.37,49.00
12.48,3.35,49.00
12.71,4.63,49.00
11.91,5.55,49.00
11.42,6.59,49.00
10.21,7.15,49.00
10.25,8.60,49.00
9.10,9.10,49.00
8.58,10.22,49.00
7.27,10.38,49.00
6.54,11.32,49.00
5.55,11.91,49.00
4.43,12.16,49.00
3.41,12.71,49.00
2.24,12.70,49.00
1.11,12.69,49.00
0.00,13.64,49.00
-1.17,13.37,49.00
-2.20,12.50,49.00
-3.42,12.78,49.00
-4.34,11.94,49.00
-5.29,11.35,49.00
-6.71,11.62,49.00
-7.07,10.09,49.00
-8.59,10.24,49.00
-9.12,9.12,49.00
-9.89,8.30,49.00
-10.78,7.55,49.00
-11.46,6.62,49.00
-11.48,5.35,49.00
-12.49,4.54,49.00
-12.60,3.38,49.00
-12.31,2.17,49.00
-12.88,1.13,49.00
-13.55,0.00,49.00
-13.62,-1.19,49.00
-13.09,-2.31,49.00
-12.10,-3.24,49.00
-12.40,-4.51,49.00
-12.09,-5.64,49.00
-11.51,-6.65,49.00
-10.91,-7.64,49.00
-10.07,-8.45,49.00
-9.17,-9.17,49.00
-8.20,-9.77,49.00
-7.02,-10.03,49.00
-6.57,-11.38,49.00
-5.53,-11.85,49.00
-4.52,-12.43,49.00
-3.23,-12.04,49.00
-2.30,-13.06,49.00
-1.20,-13.77,49.00
-0.00,-13.03,49.00
1.13,-12.93,49.00
2.28,-12.92,49.00
3.58,-13.34,49.00
4.31,-11.83,49.00
5.53,-11.86,49.00
6.34,-10.98,49.00
7.33,-10.47,49.00
8.34,-9.94,49.00
9.57,-9.57,49.00
10.51,-8.82,49.00
10.80,-7.56,49.00
11.13,-6.42,49.00
12.69,-5.92,49.00
12.06,-4.39,49.00
12.34,-3.31,49.00
12.10,-2.13,49.00
13.51,-1.18,49.00
12.39,0.00,50.00
12.92,1.13,50.00
11.27,1.99,50.00
12.15,3.26,50.00
11.30,4.11,50.00
11.17,5.21,50.00
9.82,5.67,50.00
10.31,7.22,50.00
9.43,7.92,50.00
8.47,8.47,50.00
7.88,9.39,50.00
6.71,9.58,50.00
5.88,10.19,50.00
4.99,10.71,50.00
3.85,10.58,50.00
3.20,11.92,50.00
2.17,12.29,50.00
1.02,11.67,50.00
0.00,12.14,50.00
-1.04,11.85,50.00
-2.11,11.95,50.00
-3.04,11.35,50.00
-3.98,10.94,50.00
-5.25,11.26,50.00
-5.99,10.37,50.00
-7.35,10.49,50.00
-7.73,9.21,50.00
-8.22,8.22,50.00
-9.57,8.03,50.00
-10.04,7.03,50.00
-10.64,6.15,50.00
-11.31,5.27,50.00
-11.03,4.01,50.00
-11.54,3.09,50.00
-11.75,2.07,50.00
-11.44,1.00,50.00
-11.89,0.00,50.00
-12.49,-1.09,50.00
-11.91,-2.10,50.00
-11.07,-2.97,50.00
-10.69,-3.89,50.00
-11.48,-5.35,50.00
-10.36,-5.98,50.00
-9.62,-6.73,50.00
-9.11,-7.64,50.00
-8.07,-8.07,50.00
-8.08,-9.63,50.00
-6.79,-9.70,50.00
-6.27,-10.87,50.00
-5.08,-10.89,50.00
-4.30,-11.81,50.00
-3.13,-11.69,50.00
-2.14,-12.15,50.00
-1.07,-12.24,50.00
-0.00,-12.25,50.00
1.06,-12.09,50.00
2.07,-11.73,50.00
3.30,-12.33,50.00
3.98,-10.94,50.00
5.07,-10.88,50.00
6.00,-10.40,50.00
6.98,-9.96,50.00
7.60,-9.06,50.00
8.57,-8.57,50.00
9.14,-7.67,50.00
9.31,-6.52,50.00
10.40,-6.00,50.00
10.48,-4.89,50.00
10.62,-3.87,50.00
11.64,-3.12,50.00
12.01,-2.12,50.00
12.16,-1.06,50.00
10.98,0.00,51.00
9.94,0.87,51.00
10.05,1.77,51.00
11.15,2.99,51.00
9.71,3.53,51.00
9.96,4.65,51.00
9.07,5.24,51.00
8.83,6.18,51.00
8.04,6.75,51.00
7.76,7.76,51.00
6.95,8.28,51.00
6.06,8.66,51.00
5.16,8.95,51.00
4.59,9.84,51.00
3.51,9.65,51.00
2.83,10.55,51.00
2.05,11.62,51.00
0.98,11.25,51.00
0.00,11.04,51.00
-0.93,10.67,51.00
-1.73,9.82,51.00
-2.65,9.87,51.00
-3.85,10.58,51.00
-4.41,9.46,51.00
-5.24,9.07,51.00
-6.13,8.75,51.00
-6.64,7.91,51.00
-7.25,7.25,51.00
-8.22,6.90,51.00
-8.51,5.96,51.00
-9.05,5.23,51.00
-9.46,4.41,51.00
-10.30,3.75,51.00
-10.29,2.76,51.00
-10.52,1.85,51.00
-10.95,0.96,51.00
-10.69,0.00,51.00
-10.60,-0.93,51.00
-10.77,-1.90,51.00
-10.64,-2.85,51.00
-10.05,-3.66,51.00
-9.77,-4.56,51.00
-9.04,-5.22,51.00
-8.52,-5.97,51.00
-8.47,-7.11,51.00
-7.73,-7.73,51.00
-7.03,-8.37,51.00
-6.23,-8.90,51.00
-5.38,-9.33,51.00
-4.66,-10.00,51.00
-3.80,-10.45,51.00
-2.88,-10.74,51.00
-1.86,-10.55,51.00
-0.99,-11.26,51.00
-0.00,-10.84,51.00
0.96,-10.96,51.00
1.89,-10.70,51.00
2.81,-10.48,51.00
3.58,-9.83,51.00
4.66,-10.00,51.00
5.94,-10.30,51.00
6.08,-8.68,51.00
6.93,-8.26,51.00
7.48,-7.48,51.00
8.09,-6.78,51.00
9.31,-6.52,51.00
9.08,-5.24,51.00
9.57,-4.46,51.00
9.50,-3.46,51.00
10.09,-2.70,51.00
9.91,-1.75,51.00
10.96,-0.96,51.00
10.62,0.00,52.00
9.32,0.82,52.00
8.70,1.53,52.00
9.52,2.55,52.00
8.65,3.15,52.00
9.08,4.23,52.00
8.13,4.69,52.00
7.57,5.30,52.00
7.22,6.06,52.00
6.93,6.93,52.00
6.05,7.21,52.00
5.34,7.62,52.00
4.71,8.16,52.00
3.80,8.15,52.00
3.30,9.08,52.00
2.27,8.49,52.00
1.62,9.18,52.00
0.85,9.77,52.00
0.00,9.62,52.00
-0.85,9.70,52.00
-1.65,9.33,52.00
-2.58,9.63,52.00
-3.38,9.27,52.00
-4.09,8.77,52.00
-4.94,8.55,52.00
-5.62,8.03,52.00
-5.99,7.14,52.00
-6.34,6.34,52.00
-7.41,6.21,52.00
-7.96,5.57,52.00
-8.60,4.97,52.00
-8.27,3.86,52.00
-8.59,3.13,52.00
-9.35,2.51,52.00
-9.33,1.64,52.00
-8.71,0.76,52.00
-9.65,0.00,52.00
-8.73,-0.76,52.00
-8.98,-1.58,52.00
-9.70,-2.60,52.00
-9.61,-3.50,52.00
-8.17,-3.81,52.00
-8.11,-4.68,52.00
-7.80,-5.46,52.00
-7.82,-6.56,52.00
-6.58,-6.58,52.00
-5.98,-7.13,52.00
-5.80,-8.29,52.00
-4.68,-8.10,52.00
-4.14,-8.87,52.00
-3.05,-8.37,52.00
-2.44,-9.11,52.00
-1.53,-8.70,52.00
-0.79,-9.04,52.00
-0.00,-9.84,52.00
0.83,-9.44,52.00
1.63,-9.23,52.00
2.38,-8.89,52.00
3.22,-8.84,52.00
4.07,-8.72,52.00
4.95,-8.57,52.00
4.85,-6.92,52.00
5.89,-7.02,52.00
6.76,-6.76,52.00
7.25,-6.08,52.00
7.91,-5.54,52.00
8.32,-4.80,52.00
8.50,-3.96,52.00
8.73,-3.18,52.00
9.08,-2.43,52.00
9.81,-1.73,52.00
9.17,-0.80,52.00
8.22,0.00,53.00
8.29,0.73,53.00
8.74,1.54,53.00
7.85,2.10,53.00
8.11,2.95,53.00
7.92,3.69,53.00
7.12,4.11,53.00
6.69,4.68,53.00
6.22,5.22,53.00
5.76,5.76,53.00
5.52,6.58,53.00
4.79,6.83,53.00
4.17,7.23,53.00
3.30,7.07,53.00
2.69,7.39,53.00
2.36,8.80,53.00
1.42,8.05,53.00
0.69,7.91,53.00
0.00,8.82,53.00
-0.73,8.33,53.00
-1.47,8.35,53.00
-2.12,7.92,53.00
-2.78,7.63,53.00
-3.46,7.42,53.00
-3.85,6.67,53.00
-4.71,6.73,53.00
-5.38,6.41,53.00
-6.36,6.36,53.00
-6.35,5.33,53.00
-5.99,4.20,53.00
-7.11,4.11,53.00
-8.47,3.95,53.00
-8.08,2.94,53.00
-7.66,2.05,53.00
-8.36,1.47,53.00
-7.92,0.69,53.00
-7.71,0.00,53.00
-8.08,-0.71,53.00
-8.16,-1.44,53.00
-7.25,-1.94,53.00
-7.32,-2.66,53.00
-7.48,-3.49,53.00
-7.00,-4.04,53.00
-6.89,-4.82,53.00
-5.95,-4.99,53.00
-6.04,-6.04,53.00
-5.00,-5.96,53.00
-5.11,-7.30,53.00
-3.78,-6.55,53.00
-3.30,-7.08,53.00
-2.88,-7.91,53.00
-2.31,-8.61,53.00
-1.45,-8.25,53.00
-0.74,-8.44,53.00
-0.00,-8.26,53.00
0.68,-7.81,53.00
1.40,-7.93,53.00
2.01,-7.50,53.00
2.65,-7.27,53.00
3.55,-7.62,53.00
3.90,-6.76,53.00
4.81,-6.86,53.00
4.97,-5.92,53.00
5.92,-5.92,53.00
6.17,-5.18,53.00
7.22,-5.05,53.00
7.26,-4.19,53.00
7.93,-3.70,53.00
7.47,-2.72,53.00
7.99,-2.14,53.00
7.74,-1.36,53.00
8.05,-0.70,53.00
6.90,0.00,54.00
6.68,0.58,54.00
6.41,1.13,54.00
6.22,1.67,54.00
5.70,2.07,54.00
5.96,2.78,54.00
6.28,3.63,54.00
5.21,3.65,54.00
4.94,4.15,54.00
5.46,5.46,54.00
4.34,5.17,54.00
4.09,5.84,54.00
3.63,6.28,54.00
3.07,6.58,54.00
2.19,6.01,54.00
1.79,6.67,54.00
1.10,6.26,54.00
0.70,7.95,54.00
0.00,6.36,54.00
-0.57,6.56,54.00
-1.14,6.48,54.00
-1.66,6.18,54.00
-2.58,7.09,54.00
-3.37,7.22,54.00
-3.40,5.90,54.00
-3.71,5.30,54.00
-3.92,4.68,54.00
-4.88,4.88,54.00
-5.27,4.42,54.00
-5.52,3.87,54.00
-6.14,3.54,54.00
-6.49,3.03,54.00
-6.70,2.44,54.00
-6.64,1.78,54.00
-6.46,1.14,54.00
-7.24,0.63,54.00
-7.01,0.00,54.00
-7.33,-0.64,54.00
-7.20,-1.27,54.00
-6.21,-1.66,54.00
-6.04,-2.20,54.00
-6.07,-2.83,54.00
-5.70,-3.29,54.00
-5.98,-4.19,54.00
-5.47,-4.59,54.00
-5.26,-5.26,54.00
-4.60,-5.48,54.00
-4.06,-5.80,54.00
-3.74,-6.48,54.00
-3.04,-6.51,54.00
-2.40,-6.60,54.00
-1.97,-7.33,54.00
-1.22,-6.94,54.00
-0.60,-6.85,54.00
-0.00,-6.66,54.00
0.63,-7.25,54.00
1.30,-7.38,54.00
1.81,-6.74,54.00
2.57,-7.07,54.00
2.63,-5.63,54.00
3.49,-6.04,54.00
4.01,-5.72,54.00
4.31,-5.14,54.00
5.62,-5.62,54.00
5.34,-4.48,54.00
5.60,-3.92,54.00
6.07,-3.51,54.00
5.62,-2.62,54.00
6.29,-2.29,54.00
7.14,-1.91,54.00
6.65,-1.17,54.00
6.64,-0.58,54.00
6.19,0.00,55.00
6.18,0.54,55.00
5.78,1.02,55.00
5.30,1.42,55.00
5.23,1.91,55.00
4.84,2.26,55.00
4.56,2.63,55.00
4.30,3.01,55.00
4.15,3.48,55.00
3.71,3.71,55.00
3.24,3.86,55.00
3.30,4.71,55.00
2.88,4.99,55.00
2.68,5.75,55.00
1.85,5.07,55.00
1.50,5.59,55.00
1.01,5.70,55.00
0.49,5.54,55.00
0.00,5.96,55.00
-0.52,5.95,55.00
-1.01,5.71,55.00
-1.44,5.37,55.00
-1.89,5.19,55.00
-2.16,4.64,55.00
-2.67,4.63,55.00
-3.11,4.44,55.00
-3.35,4.00,55.00
-4.13,4.13,55.00
-4.71,3.95,55.00
-4.34,3.04,55.00
-5.01,2.89,55.00
-4.76,2.22,55.00
-5.21,1.90,55.00
-5.21,1.40,55.00
-5.82,1.03,55.00
-5.37,0.47,55.00
-6.07,0.00,55.00
-5.55,-0.49,55.00
-5.32,-0.94,55.00
-4.99,-1.34,55.00
-5.42,-1.97,55.00
-5.46,-2.55,55.00
-5.00,-2.89,55.00
-5.38,-3.76,55.00
-4.78,-4.01,55.00
-3.92,-3.92,55.00
-3.56,-4.24,55.00
-3.36,-4.80,55.00
-2.67,-4.62,55.00
-2.59,-5.56,55.00
-1.99,-5.46,55.00
-1.49,-5.57,55.00
-1.03,-5.85,55.00
-0.55,-6.33,55.00
-0.00,-5.74,55.00
0.49,-5.60,55.00
1.09,-6.17,55.00
1.57,-5.85,55.00
1.89,-5.20,55.00
2.40,-5.14,55.00
2.87,-4.98,55.00
3.33,-4.76,55.00
3.29,-3.93,55.00
3.57,-3.57,55.00
4.07,-3.41,55.00
4.33,-3.03,55.00
4.68,-2.70,55.00
5.37,-2.50,55.00
5.26,-1.92,55.00
5.55,-1.49,55.00
5.10,-0.90,55.00
5.46,-0.48,55.00
4.57,0.00,56.00
4.55,0.40,56.00
3.98,0.70,56.00
4.25,1.14,56.00
4.90,1.78,56.00
3.92,1.83,56.00
3.51,2.03,56.00
3.49,2.45,56.00
3.35,2.81,56.00
3.02,3.02,56.00
2.78,3.31,56.00
2.15,3.08,56.00
1.97,3.42,56.00
1.81,3.87,56.00
1.46,4.01,56.00
1.06,3.97,56.00
0.74,4.20,56.00
0.38,4.34,56.00
0.00,4.69,56.00
-0.37,4.28,56.00
-0.78,4.42,56.00
-1.07,3.98,56.00
-1.56,4.29,56.00
-1.89,4.06,56.00
-2.34,4.05,56.00
-2.65,3.78,56.00
-2.94,3.50,56.00
-3.04,3.04,56.00
-3.39,2.85,56.00
-3.90,2.73,56.00
-3.53,2.04,56.00
-3.70,1.73,56.00
-4.14,1.51,56.00
-4.35,1.16,56.00
-3.94,0.70,56.00
-4.29,0.38,56.00
-4.30,0.00,56.00
-3.43,-0.30,56.00
-4.18,-0.74,56.00
-4.12,-1.11,56.00
-4.01,-1.46,56.00
-4.44,-2.07,56.00
-3.33,-1.92,56.00
-3.28,-2.30,56.00
-2.52,-2.11,56.00
-2.93,-2.93,56.00
-2.68,-3.20,56.00
-2.37,-3.38,56.00
-2.39,-4.14,56.00
-1.98,-4.24,56.00
-1.49,-4.10,56.00
-1.08,-4.04,56.00
-0.82,-4.67,56.00
-0.38,-4.31,56.00
-0.00,-4.01,56.00
0.32,-3.63,56.00
0.72,-4.09,56.00
1.20,-4.48,56.00
1.79,-4.93,56.00
1.84,-3.95,56.00
2.01,-3.49,56.00
2.21,-3.16,56.00
2.93,-3.49,56.00
2.57,-2.57,56.00
3.49,-2.93,56.00
3.82,-2.67,56.00
3.90,-2.25,56.00
3.85,-1.79,56.00
4.28,-1.56,56.00
4.25,-1.14,56.00
3.96,-0.70,56.00
5.05,-0.44,56.00
2.86,0.00,57.00
3.30,0.29,57.00
2.00,0.35,57.00
3.39,0.91,57.00
3.37,1.23,57.00
2.73,1.27,57.00
2.79,1.61,57.00
2.64,1.85,57.00
2.10,1.76,57.00
2.28,2.28,57.00
1.72,2.05,57.00
1.58,2.26,57.00
1.73,2.99,57.00
1.43,3.07,57.00
0.93,2.55,57.00
0.70,2.61,57.00
0.48,2.70,57.00
0.29,3.28,57.00
0.00,2.60,57.00
-0.27,3.13,57.00
-0.57,3.25,57.00
-0.77,2.86,57.00
-1.16,3.20,57.00
-1.22,2.61,57.00
-1.46,2.52,57.00
-1.50,2.14,57.00
-2.19,2.61,57.00
-1.90,1.90,57.00
-2.41,2.02,57.00
-2.43,1.70,57.00
-2.23,1.29,57.00
-2.50,1.16,57.00
-3.34,1.22,57.00
-2.98,0.80,57.00
-2.56,0.45,57.00
-3.11,0.27,57.00
-2.94,0.00,57.00
-4.36,-0.38,57.00
-3.07,-0.54,57.00
-2.75,-0.74,57.00
-3.35,-1.22,57.00
-2.05,-0.96,57.00
-2.63,-1.52,57.00
-3.11,-2.18,57.00
-2.26,-1.90,57.00
-1.63,-1.63,57.00
-1.83,-2.18,57.00
-2.05,-2.93,57.00
-1.58,-2.73,57.00
-1.13,-2.41,57.00
-0.93,-2.56,57.00
-0.72,-2.68,57.00
-0.55,-3.10,57.00
-0.31,-3.52,57.00
-0.00,-3.42,57.00
0.28,-3.17,57.00
0.43,-2.43,57.00
0.64,-2.38,57.00
1.10,-3.02,57.00
1.04,-2.23,57.00
1.45,-2.52,57.00
1.79,-2.56,57.00
1.64,-1.95,57.00
1.83,-1.83,57.00
2.27,-1.90,57.00
2.62,-1.84,57.00
2.97,-1.71,57.00
2.94,-1.37,57.00
2.85,-1.04,57.00
2.61,-0.70,57.00
2.53,-0.45,57.00
2.79,-0.24,57.00
1.16,0.00,58.00
1.13,0.10,58.00
0.98,0.17,58.00
0.97,0.26,58.00
1.39,0.51,58.00
0.94,0.44,58.00
0.87,0.50,58.00
1.59,1.11,58.00
0.77,0.64,58.00
0.82,0.82,58.00
0.75,0.89,58.00
0.57,0.82,58.00
0.50,0.87,58.00
0.78,1.68,58.00
0.48,1.32,58.00
0.34,1.28,58.00
0.21,1.21,58.00
0.09,1.00,58.00
0.00,1.51,58.00
-0.09,1.00,58.00
-0.19,1.10,58.00
-0.26,0.97,58.00
-0.34,0.94,58.00
-0.48,1.02,58.00
-0.50,0.87,58.00
-0.57,0.82,58.00
-0.78,0.93,58.00
-1.31,1.31,58.00
-1.19,1.00,58.00
-0.82,0.57,58.00
-0.87,0.50,58.00
-1.23,0.57,58.00
-1.36,0.50,58.00
-0.97,0.26,58.00
-1.00,0.18,58.00
-1.12,0.10,58.00
-1.22,0.00,58.00
-1.00,-0.09,58.00
-0.98,-0.17,58.00
-1.50,-0.40,58.00
-1.39,-0.51,58.00
-1.08,-0.50,58.00
-1.46,-0.84,58.00
-0.82,-0.57,58.00
-1.26,-1.06,58.00
-0.86,-0.86,58.00
-1.48,-1.77,58.00
-0.57,-0.82,58.00
-0.50,-0.87,58.00
-0.49,-1.06,58.00
-0.40,-1.09,58.00
-0.46,-1.72,58.00
-0.17,-0.98,58.00
-0.12,-1.36,58.00
-0.00,-1.46,58.00
0.11,-1.28,58.00
0.17,-0.98,58.00
0.40,-1.51,58.00
0.51,-1.40,58.00
0.52,-1.12,58.00
0.54,-0.94,58.00
0.63,-0.89,58.00
0.64,-0.77,58.00
0.89,-0.89,58.00
0.78,-0.65,58.00
0.82,-0.57,58.00
0.87,-0.50,58.00
0.91,-0.42,58.00
1.02,-0.37,58.00
0.97,-0.26,58.00
1.07,-0.19,58.00
1.20,-0.10,58.00
